400,401,402,403,404,405,406,407,408,409,410,411,412,413,414,415,416,417,418,419,420,421,422,423,424,425,426,427,428,429,430,431,432,433,434,435,436,437,438,439,440,441,442,443,444,445,446,447,448,449,450,451,452,453,454,455,456,457,458,459,460,461,462,463,464,465,466,467,468,469,470,471,472,473,474,475,476,477,478,479,480,481,482,483,484,485,486,487,488,489,490,491,492,493,494,495,496,497,498,499,500,501,502,503,504,505,506,507,508,509,510,511,512,513,514,515,516,517,518,519,520,521,522,523,524,525,526,527,528,529,530,531,532,533,534,535,536,537,538,539,540,541,542,543,544,545,546,547,548,549,550,551,552,553,554,555,556,557,558,559,560,561,562,563,564,565,566,567,568,569,570,571,572,573,574,575,576,577,578,579,580,581,582,583,584,585,586,587,588,589,590,591,592,593,594,595,596,597,598,599,600,601,602,603,604,605,606,607,608,609,610,611,612,613,614,615,616,617,618,619,620,621,622,623,624,625,626,627,628,629,630,631,632,633,634,635,636,637,638,639,640,641,642,643,644,645,646,647,648,649,650,651,652,653,654,655,656,657,658,659,660,661,662,663,664,665,666,667,668,669,670,671,672,673,674,675,676,677,678,679,680,681,682,683,684,685,686,687,688,689,690,691,692,693,694,695,696,697,698,699,700,701,702,703,704,705,706,707,708,709,710,711,712,713,714,715,716,717,718,719,720,721,722,723,724,725,726,727,728,729,730,731,732,733,734,735,736,737,738,739,740,741,742,743,744,745,746,747,748,749,750,751,752,753,754,755,756,757,758,759,760,761,762,763,764,765,766,767,768,769,770,771,772,773,774,775,776,777,778,779,780,781,782,783,784,785,786,787,788,789,790,791,792,793,794,795,796,797,798,799,800
0.009338182,0.009587166,0.009816654,0.010215731,0.010576852,0.010925629,0.011306795,0.011525809,0.011740914,0.011962743,0.012113603,0.01225977,0.012402374,0.012602699,0.012810945,0.013016669,0.013252942,0.013478485,0.013703203,0.013946799,0.014166524,0.014385608,0.01460597,0.014894685,0.015173336,0.0154561,0.015724051,0.015933207,0.01614544,0.016291683,0.016339711,0.016388156,0.016432969,0.016448997,0.016562363,0.016671992,0.016825328,0.017108842,0.017383748,0.01765988,0.017931713,0.018196112,0.018454015,0.018685241,0.018906553,0.019121949,0.019357745,0.019604015,0.019845012,0.020106351,0.020360997,0.020610476,0.020856855,0.02112275,0.021358354,0.02159258,0.021805798,0.021963739,0.022120703,0.022287145,0.022471878,0.022655742,0.022839132,0.023048903,0.023246002,0.023443574,0.023628265,0.023774226,0.023920541,0.024053179,0.024154689,0.02425662,0.024358315,0.024458955,0.024583713,0.024707697,0.024848002,0.025021173,0.025193497,0.025398704,0.02568569,0.025971988,0.026260394,0.026531808,0.026755841,0.026982786,0.027133501,0.027180419,0.027227535,0.027238794,0.027258112,0.027290816,0.027323221,0.027510057,0.027773468,0.028036132,0.028338515,0.028642777,0.028948664,0.029257805,0.029487772,0.029709798,0.0299331,0.030104858,0.030274898,0.030444915,0.030624016,0.030848959,0.031073717,0.031316609,0.031664542,0.032011987,0.032362521,0.032699698,0.032987529,0.033279587,0.033490822,0.033563816,0.033637142,0.033694006,0.033744338,0.03381993,0.03389503,0.034056527,0.034295848,0.03453362,0.034784784,0.035057529,0.03532912,0.03559986,0.035845228,0.036084112,0.036322069,0.036619639,0.036936224,0.037253358,0.037572206,0.037844089,0.038117125,0.038390959,0.038607191,0.038816946,0.039027329,0.03920211,0.039363231,0.039524299,0.039688932,0.039884877,0.040080667,0.040276302,0.040506681,0.040735768,0.040965214,0.041218479,0.041472871,0.041728629,0.04198398,0.042197624,0.042412703,0.042629233,0.042799575,0.042964142,0.043129588,0.043315614,0.043524187,0.043733955,0.043946444,0.044149683,0.044354274,0.044560232,0.044720136,0.044874543,0.045029669,0.04514534,0.045232302,0.045319347,0.045390313,0.045411104,0.045431836,0.04545251,0.045502531,0.045558065,0.045613505,0.045776849,0.046032345,0.046290212,0.046555921,0.046750409,0.046947792,0.047148083,0.047144117,0.047092153,0.047039876,0.046896996,0.046663681,0.046431164,0.046194728,0.045942745,0.04569201,0.045442626,0.045171522,0.044894894,0.044619943,0.044382855,0.044192091,0.044001835,0.043822559,0.043752277,0.043682008,0.043611648,0.043588052,0.043579858,0.043571632,0.04354967,0.043506659,0.043463506,0.043420104,0.04339129,0.043362302,0.043333246,0.043383742,0.043466165,0.043549046,0.043653551,0.043792692,0.043933111,0.044071425,0.044108832,0.044146562,0.044184562,0.04414605,0.044073645,0.044001172,0.043932412,0.043867625,0.043803036,0.043740357,0.043768892,0.043796901,0.043824846,0.04389987,0.044000154,0.04410072,0.044204743,0.044324355,0.044444867,0.044564901,0.044629476,0.044695647,0.044762411,0.044815806,0.044864158,0.044912978,0.044884531,0.044691817,0.044498437,0.044304903,0.043912814,0.043512562,0.043115248,0.042782239,0.042469326,0.042160243,0.041934281,0.04188705,0.041839968,0.041791893,0.04178627,0.041788878,0.041791489,0.041773522,0.04175084,0.041728108,0.041705825,0.041689767,0.041673646,0.04165702,0.041700955,0.041752357,0.041804143,0.0420018,0.042327675,0.042661694,0.042958312,0.043263591,0.043581197,0.043904896,0.04377156,0.043606439,0.043437105,0.043094887,0.042562731,0.042031893,0.041625876,0.041369948,0.041114719,0.040863182,0.040703517,0.040551371,0.040400083,0.040143386,0.039850476,0.039558994,0.039219541,0.038797409,0.038377811,0.037961208,0.037674834,0.03740256,0.037129937,0.036958715,0.036925861,0.03689219,0.036823105,0.036887243,0.036956352,0.036991712,0.036522871,0.036020802,0.03549544,0.034736238,0.033769295,0.032781499,0.031871778,0.03093301,0.029989671,0.029059765,0.027995901,0.026919137,0.025860139,0.024761698,0.023622281,0.022518269,0.021526827,0.020655884,0.019809131,0.01900586,0.018406689,0.017826506,0.017257169,0.016833345,0.016460474,0.016092089,0.015797119,0.015594,0.015392479,0.015205305,0.01512447,0.01504851,0.014972461,0.01496039,0.014997337,0.015035006,0.015137955,0.015504976,0.015902086,0.01625123,0.016716346,0.017272091,0.017907805,0.017905682,0.017630004,0.017330803,0.016885528,0.015712571,0.014609609,0.0138572,0.013460937,0.013081788,0.012740793,0.012872602,0.013069156,0.013253824,0.01339721,0.013635139,0.013870219,0.014033104,0.014188966,0.01434923,0.014505101,0.014619581,0.014756614,0.014894199,0.015024826,0.015180469,0.015338646,0.015485798,0.015635377,0.015788182,0.015942668,0.01608247,0.016219519,0.016358182,0.016486413,0.016593735,0.016701672,0.016821584,0.016943181,0.017064784,0.017187516,0.017187516
0.003484613,0.003574536,0.003658215,0.003799502,0.003920945,0.004038237,0.004192901,0.004267415,0.0043406,0.004424667,0.004478517,0.004530366,0.004580643,0.004651558,0.00472625,0.004800037,0.004887585,0.004966313,0.005044754,0.005133196,0.005212083,0.005290642,0.005370082,0.005475547,0.005575703,0.005677338,0.005778648,0.005857998,0.005938516,0.005993803,0.006013469,0.0060333,0.006050302,0.006050174,0.00609217,0.006132781,0.006181865,0.006284019,0.006383071,0.006483297,0.00658556,0.006685086,0.006782274,0.006873502,0.006961842,0.00704782,0.007142179,0.007243392,0.007342438,0.007450058,0.007554183,0.007656178,0.007756966,0.007860899,0.007948431,0.00803545,0.008116269,0.008174117,0.008231607,0.008292527,0.008357044,0.008421133,0.008485058,0.008559248,0.00862801,0.008696936,0.00876203,0.008812352,0.008862797,0.008907985,0.00894141,0.008975012,0.009008537,0.009040445,0.009081914,0.009123126,0.009170136,0.009230827,0.009291221,0.009363983,0.009470948,0.009577886,0.009685613,0.009789049,0.009873938,0.009959931,0.010019915,0.010045754,0.010071701,0.010083511,0.01009991,0.01012162,0.010143133,0.010218001,0.010320774,0.010423255,0.010541681,0.010662448,0.01078386,0.010906897,0.011002055,0.011094245,0.011186964,0.011261012,0.011335082,0.011409142,0.011486119,0.011580664,0.011675132,0.011776433,0.011918692,0.012061018,0.012204609,0.012344725,0.012466504,0.012590071,0.012684026,0.012728224,0.012772622,0.012810688,0.012846101,0.012891511,0.012936625,0.013012196,0.013116321,0.013219772,0.013328749,0.013447941,0.013566628,0.013684928,0.01379371,0.013899947,0.014005772,0.014135765,0.014274167,0.014412809,0.014551018,0.014664696,0.014778856,0.014893361,0.01498742,0.015079311,0.015171478,0.015249195,0.015321057,0.015392896,0.015465928,0.015550488,0.01563498,0.015719406,0.015817529,0.015915177,0.016012977,0.016120731,0.016229631,0.016339115,0.016447971,0.016536907,0.016626441,0.016716579,0.016790928,0.016863657,0.016936775,0.017015863,0.017101239,0.017187105,0.017274244,0.017359195,0.01744471,0.017530797,0.017598532,0.017664053,0.01772988,0.017779827,0.017817957,0.017856123,0.017888148,0.017901754,0.017915321,0.01792885,0.017956145,0.017986229,0.018016262,0.018087627,0.018193688,0.018300733,0.018410662,0.018490908,0.018572368,0.018655027,0.018653643,0.01863217,0.018610568,0.018551299,0.018452923,0.018354883,0.018255312,0.018149518,0.018044246,0.017939541,0.017822227,0.017701149,0.017580804,0.01747739,0.017395519,0.017313866,0.017236606,0.017203276,0.017169941,0.017136562,0.017122801,0.017115645,0.01710846,0.017097956,0.017083008,0.01706801,0.017052924,0.017043147,0.017033193,0.017023216,0.017042044,0.017072416,0.017102956,0.017141155,0.017191541,0.017242389,0.017292304,0.017300332,0.017308489,0.017316704,0.017296753,0.017264188,0.017231592,0.017201569,0.017174121,0.017146758,0.01712024,0.017133628,0.017146705,0.017159753,0.017194248,0.017240223,0.017286327,0.017333463,0.017386171,0.017439276,0.017492126,0.017517252,0.017543439,0.017569861,0.017584021,0.017592696,0.017601454,0.017581616,0.017500729,0.017419563,0.017338327,0.017179785,0.01701794,0.016857284,0.016722244,0.016593917,0.01646716,0.016371872,0.016344684,0.016317625,0.016290307,0.016284933,0.016283119,0.016281304,0.016272027,0.016261045,0.016250038,0.016239835,0.016234065,0.016228414,0.016222601,0.016241585,0.016263311,0.016285198,0.016360767,0.016485006,0.016612349,0.016725128,0.01684354,0.01696725,0.017093234,0.017038027,0.016970101,0.016900442,0.016764394,0.016553058,0.016342245,0.016177309,0.016064151,0.015950755,0.015838943,0.015763068,0.015689866,0.015617077,0.015498223,0.015363622,0.015229677,0.015075566,0.014887238,0.014700128,0.014511551,0.01433336,0.014160466,0.013987352,0.013847882,0.013758506,0.013666909,0.013554729,0.013481239,0.013405284,0.013315247,0.013072301,0.012815309,0.012546393,0.012195108,0.011768552,0.011332797,0.0109159,0.01047874,0.010038779,0.00960595,0.009151698,0.008693751,0.008243359,0.007802552,0.007354435,0.006920242,0.006529551,0.006184302,0.00584837,0.005531183,0.005295347,0.005066817,0.004842559,0.004679312,0.004535242,0.00439291,0.004278315,0.00419663,0.004115948,0.004041167,0.004002922,0.003966237,0.00392951,0.003916181,0.003918471,0.003920874,0.003939112,0.004027127,0.004123808,0.004206789,0.004318706,0.004458932,0.004619336,0.004622221,0.004557668,0.004487689,0.004382731,0.004080203,0.00379017,0.00359285,0.003486978,0.003375544,0.003275324,0.00330634,0.003352873,0.00339654,0.00343291,0.003497628,0.003562989,0.003610076,0.003657337,0.003708653,0.003758684,0.003795662,0.003839735,0.003884015,0.003928424,0.003981128,0.004035153,0.004086052,0.00413743,0.004190222,0.004243636,0.004293373,0.004342101,0.004391398,0.00444061,0.004485241,0.004530289,0.004579512,0.004630028,0.004680429,0.004731079,0.004731079
0.004713034,0.004844609,0.004965981,0.005170735,0.005354576,0.005532133,0.005737895,0.005855078,0.005970169,0.006092378,0.006178862,0.006262674,0.006344276,0.006454492,0.006569082,0.006682284,0.006812,0.006932683,0.007052925,0.007184359,0.007302346,0.007419956,0.007538461,0.00769262,0.007840717,0.007991001,0.008135988,0.008249885,0.008365458,0.008446655,0.008475419,0.008504332,0.008530671,0.008536295,0.008593692,0.008649197,0.008723882,0.008868828,0.009009374,0.009150865,0.009291456,0.009428222,0.00956169,0.009683759,0.009801254,0.009915608,0.010044796,0.010189377,0.010330861,0.010483183,0.010630836,0.010775546,0.010918481,0.011066302,0.011193937,0.011320825,0.011436115,0.011517676,0.011598733,0.011684805,0.01177724,0.011869104,0.011960731,0.012066832,0.012166164,0.012265735,0.012358728,0.012430174,0.012501793,0.012566213,0.012610344,0.012654518,0.01269859,0.012738392,0.012789003,0.012839299,0.012897977,0.012974273,0.013050195,0.013143289,0.013289536,0.013436105,0.013583753,0.013726937,0.013847416,0.013969462,0.01405362,0.014087202,0.014120926,0.014135641,0.014152682,0.014176604,0.014200308,0.014298463,0.014433511,0.014568176,0.014722674,0.014874227,0.015026589,0.015180915,0.015287496,0.015389015,0.015491117,0.015561748,0.015627933,0.015694108,0.015767341,0.015873624,0.01597982,0.016095308,0.01627363,0.016452852,0.016633668,0.016809541,0.016961007,0.017114697,0.017225851,0.017261497,0.017297306,0.017324569,0.017341184,0.017370023,0.017398674,0.017467883,0.017574316,0.01768006,0.01779224,0.01791311,0.018033467,0.018153467,0.018262884,0.01836943,0.018475563,0.018613855,0.018763537,0.018913479,0.019064378,0.019191459,0.01931908,0.019447059,0.019545064,0.019639569,0.019734356,0.019809138,0.019875038,0.019940917,0.020009273,0.020097392,0.02018544,0.020273419,0.020382734,0.02049229,0.020602017,0.02072257,0.020842334,0.020962741,0.021081673,0.02117144,0.02126181,0.02135279,0.021415178,0.02147315,0.021531431,0.021595252,0.021664611,0.021734367,0.021804959,0.021868298,0.021932059,0.021996245,0.022033626,0.022066965,0.022100459,0.022120784,0.022135182,0.022149594,0.022158795,0.022168019,0.022177217,0.022186388,0.022239402,0.022304437,0.022369362,0.022489545,0.022658518,0.022829059,0.023001215,0.023108844,0.02321809,0.023328945,0.023330754,0.02330608,0.023281257,0.023219363,0.023123904,0.023028772,0.022934298,0.022870667,0.022807269,0.022744213,0.022690785,0.022641978,0.022593467,0.022564939,0.022561467,0.022558004,0.022559112,0.022600332,0.022641664,0.022683049,0.02273314,0.022785178,0.022837425,0.022876542,0.022894524,0.022912564,0.022930373,0.022950048,0.022969739,0.022989477,0.023040928,0.02310487,0.023169167,0.023239488,0.023318736,0.023398711,0.023477107,0.02348442,0.023491983,0.0234996,0.023472072,0.023428735,0.023385358,0.023356804,0.023352972,0.023349152,0.023346924,0.023424699,0.023501779,0.023578686,0.023683236,0.023802718,0.023922537,0.024034815,0.02413869,0.024243346,0.02434755,0.024392237,0.024438121,0.024484417,0.024516816,0.024543471,0.024570384,0.0245739,0.024523,0.024471932,0.024421528,0.024297722,0.024168407,0.024040041,0.023959362,0.023893931,0.023829302,0.023805141,0.023871538,0.023937535,0.024002178,0.024073043,0.024148996,0.024225004,0.024277625,0.02432254,0.024367555,0.024407677,0.024441953,0.024476339,0.024510436,0.024574862,0.024644175,0.024714005,0.024856622,0.025069501,0.0252877,0.025463913,0.025610336,0.025763126,0.025916598,0.025751674,0.025565906,0.025375399,0.02510815,0.024739498,0.024371759,0.024119254,0.024023515,0.023927346,0.023835486,0.023850009,0.023867864,0.023885619,0.02385755,0.023814334,0.023771328,0.023704491,0.023596279,0.023488868,0.023380248,0.023320436,0.023269345,0.02321819,0.023227006,0.023324362,0.023424136,0.023464759,0.023537106,0.023614606,0.023671439,0.023399682,0.023108279,0.022803357,0.022357524,0.021781411,0.021192871,0.020668156,0.020139368,0.019607313,0.019092551,0.018549839,0.017995627,0.017450559,0.016932675,0.016393734,0.015871539,0.015426619,0.015064905,0.014712726,0.014379433,0.014161636,0.013953928,0.013750102,0.01359596,0.01346738,0.013340354,0.013238526,0.013180442,0.01312328,0.013066989,0.013056611,0.013050421,0.013044225,0.013075724,0.013147495,0.013220569,0.013332685,0.013662122,0.014018261,0.014320186,0.014681641,0.015116425,0.015613772,0.015476976,0.015083585,0.014656537,0.014115211,0.012983734,0.011921533,0.011218623,0.010959898,0.010708543,0.010482483,0.010742507,0.011047852,0.011334765,0.011562411,0.011859951,0.012152916,0.012368542,0.012554969,0.012744167,0.012927741,0.013038193,0.013169475,0.0133013,0.013407234,0.013527571,0.013649751,0.013756512,0.013857358,0.013960353,0.01406216,0.014131841,0.014199272,0.014267511,0.014336659,0.014389377,0.014442043,0.014509359,0.014582903,0.014656683,0.014731261,0.014731261
0.00745808,0.007653463,0.00783347,0.008148191,0.008432651,0.008707387,0.009009181,0.009178138,0.009344078,0.009516339,0.009628342,0.009736664,0.009842257,0.0099944,0.010153472,0.010310618,0.01048932,0.010652486,0.010815055,0.010992871,0.011154071,0.011314773,0.011476506,0.011692687,0.011900988,0.012112365,0.012312839,0.012467213,0.012623857,0.012728548,0.012754275,0.012780431,0.012803771,0.012800637,0.01287235,0.012941698,0.013042535,0.013241772,0.013434959,0.013629787,0.013822726,0.01401038,0.014193466,0.014360041,0.014520977,0.01467761,0.014853554,0.015045907,0.015234141,0.015438203,0.01563316,0.015824031,0.016012539,0.016207961,0.016375236,0.016541531,0.016689726,0.016789684,0.016889022,0.016995797,0.017114651,0.017232817,0.017350679,0.017488294,0.017616019,0.017744051,0.017862454,0.017951356,0.018040474,0.018119246,0.018168726,0.018218291,0.01826774,0.018315639,0.018381371,0.018446695,0.018524371,0.018627257,0.018729641,0.018856621,0.0190575,0.019258635,0.019461252,0.019651482,0.019806422,0.019963377,0.020066928,0.020101885,0.02013699,0.020145384,0.02015268,0.020169423,0.020186013,0.020316713,0.020504335,0.020691424,0.020906711,0.021119293,0.02133301,0.021549153,0.021701095,0.021846434,0.021992608,0.022098401,0.022201023,0.02230363,0.022413753,0.022561091,0.022708308,0.022868748,0.023115984,0.023364113,0.023614449,0.023853311,0.024054431,0.024258505,0.024402312,0.02444052,0.024478902,0.024505225,0.024521799,0.024556197,0.024590371,0.024685393,0.024835582,0.0249848,0.025143333,0.025315027,0.025485994,0.025656452,0.025811304,0.02596204,0.026112191,0.026308289,0.026521009,0.026734098,0.026947363,0.027121649,0.027296674,0.027472184,0.027606489,0.027736116,0.027866131,0.02797176,0.028068757,0.02816572,0.028265506,0.0283893,0.028512996,0.028636594,0.02878896,0.028941326,0.029093929,0.029261187,0.02942666,0.029593023,0.029758338,0.029889528,0.0300216,0.030154562,0.030251926,0.030344349,0.030437264,0.030541938,0.030659193,0.03077712,0.030897057,0.031012415,0.03112854,0.03124544,0.031331866,0.031414887,0.031498296,0.031557873,0.031602339,0.031646847,0.031683005,0.031710975,0.031738865,0.031766676,0.031837938,0.031920305,0.032002533,0.032165509,0.032400593,0.032637857,0.032880122,0.033060987,0.033244541,0.033430799,0.033470065,0.03347466,0.033479283,0.03343079,0.033334227,0.033237995,0.033141546,0.033075278,0.033009278,0.032943634,0.032884377,0.03282892,0.032773799,0.032745177,0.032749299,0.03275341,0.032763854,0.032827007,0.032890309,0.032953693,0.033022801,0.033091793,0.033161061,0.033215727,0.033247236,0.033278849,0.0333098,0.033334546,0.033359291,0.033384093,0.033463069,0.033563661,0.033664812,0.03377585,0.033901843,0.034028992,0.034154455,0.034194025,0.034233944,0.034274148,0.034257386,0.034215252,0.034173078,0.034142562,0.034130685,0.034118845,0.034108904,0.034195319,0.034281155,0.034366798,0.034494002,0.034643246,0.034792909,0.034939422,0.035087598,0.03523689,0.035385863,0.035470106,0.035555979,0.035642622,0.035718193,0.035789746,0.03586199,0.03589251,0.03582885,0.035764978,0.035702067,0.035529532,0.035349503,0.035170796,0.035057511,0.034964818,0.034873259,0.034841374,0.034943354,0.035044774,0.035144227,0.035254783,0.035372541,0.035490384,0.035572426,0.035641812,0.035711352,0.035777089,0.035840815,0.035904809,0.035968361,0.036073306,0.036185041,0.036297609,0.036520214,0.036847204,0.037182366,0.037472782,0.037748488,0.038035411,0.038326839,0.038183752,0.038012099,0.037836065,0.037537244,0.037085264,0.036634403,0.036328095,0.036211655,0.036094869,0.03598397,0.036026466,0.036074324,0.036121911,0.03610805,0.036074252,0.036040619,0.035975513,0.035854197,0.035733596,0.035611866,0.035578141,0.035557912,0.035537658,0.035633789,0.035874846,0.036121892,0.036321233,0.036632793,0.036961059,0.037273216,0.037141631,0.036992134,0.036835701,0.036454841,0.035868517,0.035269547,0.034735986,0.03413813,0.033536894,0.032958204,0.032269405,0.031558396,0.030859118,0.030168666,0.029427773,0.028709901,0.028089337,0.027576776,0.027078298,0.026602128,0.026290082,0.025994228,0.025703904,0.025468079,0.025271272,0.025076842,0.024914286,0.024818272,0.024723232,0.024629726,0.02462214,0.024621446,0.02462075,0.024689695,0.024833037,0.024978934,0.025208367,0.025854273,0.026550424,0.027155607,0.027908042,0.028799548,0.029819338,0.029689648,0.029084461,0.028427492,0.027552044,0.025527585,0.023632987,0.022354721,0.021763118,0.021210329,0.020713169,0.021082488,0.021551458,0.021992188,0.022345407,0.022842627,0.023330339,0.023679886,0.023988259,0.024299208,0.024600592,0.024784463,0.025004343,0.025225051,0.025412177,0.025631873,0.025854697,0.026050756,0.026238907,0.026430657,0.026619888,0.026746368,0.02686674,0.026988525,0.027109846,0.02720069,0.027292006,0.027398962,0.027505209,0.027611992,0.027721599,0.027721599
0.013126222,0.013447048,0.013742247,0.014270857,0.014746608,0.015206097,0.015695899,0.015961972,0.016223296,0.016491321,0.016656084,0.016815199,0.01697044,0.017205947,0.01745236,0.017695789,0.017974522,0.018227795,0.018480142,0.018756888,0.019001715,0.0192456,0.019491024,0.019822989,0.020138686,0.020459044,0.020760833,0.020987607,0.021217717,0.021360388,0.021362644,0.02136594,0.02136551,0.021328012,0.021416514,0.021502098,0.021644785,0.021954501,0.022254814,0.022557913,0.022857531,0.02314891,0.023433132,0.023688387,0.023934642,0.024174314,0.024446216,0.024745428,0.025038232,0.025357063,0.025658989,0.025954394,0.026246141,0.02654774,0.026802822,0.027056411,0.027280766,0.027427539,0.027573404,0.027731486,0.027913231,0.028094037,0.028274376,0.02848604,0.028680519,0.028875465,0.029054064,0.029182618,0.029311484,0.029423313,0.029492674,0.02956248,0.029632123,0.029700405,0.029798717,0.029896418,0.0300149,0.030175218,0.030334752,0.030534236,0.030839837,0.031144804,0.031452017,0.031739149,0.031967883,0.032199591,0.032343501,0.032371452,0.032399521,0.032384231,0.032379431,0.032391074,0.032402611,0.032595531,0.032878996,0.033161656,0.033491183,0.033821218,0.034153015,0.034488804,0.034732873,0.034967421,0.035203317,0.035371792,0.035533181,0.035694548,0.035869283,0.036108594,0.036347708,0.036608128,0.036994115,0.037379602,0.037768518,0.038143266,0.038460488,0.038782368,0.039007082,0.039059258,0.039111671,0.039144712,0.039168135,0.039221171,0.039273861,0.039428474,0.039676001,0.039921926,0.040183875,0.040471865,0.040758635,0.041044536,0.041298947,0.041545596,0.041791289,0.042108406,0.042449911,0.042792009,0.04313425,0.043412772,0.043692475,0.043972951,0.044187338,0.044394059,0.044601398,0.044769209,0.044922787,0.045076314,0.045235307,0.045438132,0.045640797,0.045843301,0.046082255,0.046318949,0.046556013,0.046820772,0.047087388,0.047355436,0.047621786,0.047833034,0.048045702,0.048259805,0.048420246,0.048573659,0.048727891,0.04890364,0.049102794,0.04930309,0.049507917,0.049715184,0.049923831,0.050133871,0.050288864,0.050436625,0.050585074,0.050700732,0.050799204,0.05089777,0.050980001,0.051021414,0.05106271,0.051103889,0.051207924,0.051327579,0.051447031,0.051693148,0.052050768,0.052411706,0.052781558,0.053067029,0.05335677,0.053650778,0.053730735,0.053762963,0.053795384,0.05373686,0.053591868,0.053447371,0.053301923,0.053195683,0.0530898,0.052984489,0.052876231,0.052769252,0.052662922,0.052601,0.052594366,0.052587749,0.052590807,0.052668655,0.052746759,0.052824965,0.052915865,0.053008345,0.053101197,0.05316822,0.053194104,0.053220073,0.053245226,0.053268807,0.05329237,0.053315988,0.053429668,0.053579367,0.053729897,0.053902548,0.054110239,0.054319837,0.054526969,0.054603837,0.054681682,0.054760083,0.054740938,0.054677893,0.054614788,0.054560405,0.054516792,0.054473313,0.054432736,0.054535826,0.054637904,0.054739753,0.05490332,0.055099802,0.055296836,0.055493607,0.05570334,0.05591465,0.056125623,0.05625702,0.056391519,0.056527225,0.056643398,0.056752574,0.056862805,0.056904253,0.056791894,0.056679177,0.056567662,0.056262289,0.05594435,0.055628746,0.0554178,0.055238131,0.055060662,0.054976938,0.055103029,0.055228398,0.055350962,0.055498708,0.055658283,0.055817974,0.055922334,0.056008446,0.056094749,0.056180004,0.056271139,0.056362664,0.056453224,0.056598841,0.056755569,0.056913465,0.057263773,0.057789037,0.058327427,0.058810134,0.059300148,0.059810847,0.060331886,0.060200828,0.060027844,0.059850445,0.059466055,0.058826621,0.058188771,0.057758686,0.057588723,0.057416607,0.057252333,0.057303,0.057361593,0.057419855,0.057380349,0.057309246,0.057238489,0.057119205,0.056913823,0.056709987,0.056504447,0.056438622,0.056393892,0.056349106,0.056504728,0.056899583,0.057304247,0.057647843,0.058197808,0.058779663,0.059343633,0.059255889,0.059148006,0.059035117,0.058546974,0.057721883,0.056878996,0.056116206,0.055209021,0.054293908,0.053413836,0.052340516,0.051226577,0.050131017,0.0490225,0.04781867,0.046652247,0.045639717,0.044795991,0.043974367,0.043186413,0.042649727,0.042140698,0.041641184,0.041235761,0.040897775,0.04056391,0.040287295,0.040125336,0.03996593,0.039809573,0.039795116,0.039793524,0.03979193,0.039899167,0.0401311,0.040367304,0.040747985,0.041817889,0.04297543,0.043992333,0.045275263,0.046813558,0.048573209,0.048569159,0.047817526,0.047001672,0.045771237,0.042552516,0.039523366,0.037469204,0.036432417,0.035432718,0.034533622,0.034980601,0.03559491,0.036171966,0.036615921,0.037311861,0.038000933,0.038478347,0.038912534,0.039358426,0.039790368,0.040062311,0.040399398,0.040737962,0.041023434,0.041364089,0.04171093,0.042013913,0.042303696,0.042600223,0.042894423,0.043103346,0.0433056,0.04351028,0.043708499,0.043854744,0.04400102,0.044168033,0.044328513,0.044488379,0.044654609,0.044654609
0.009109148,0.009325888,0.009525738,0.00988826,0.010213147,0.010526929,0.010868387,0.011050939,0.011230233,0.011416632,0.011532267,0.011643912,0.011752685,0.011913974,0.012081826,0.012247645,0.012440316,0.01261903,0.012797089,0.012992982,0.013166529,0.013339405,0.013513418,0.013747538,0.013970171,0.014196091,0.014406537,0.014559598,0.014714911,0.014809794,0.014809269,0.014809518,0.014806897,0.01477165,0.014822328,0.014871336,0.01495822,0.015159219,0.015354115,0.015551642,0.01574967,0.015942283,0.016130218,0.016298935,0.016461415,0.016619551,0.016800042,0.016999596,0.017194877,0.017408293,0.017615942,0.017819266,0.018020081,0.018231143,0.018411869,0.018591537,0.018753078,0.018865548,0.018977321,0.019097208,0.019236341,0.019374923,0.019513149,0.019672833,0.019820518,0.019968557,0.020106115,0.020211417,0.020316975,0.020410672,0.020474038,0.020537644,0.020601101,0.02066336,0.020745862,0.020827851,0.020924174,0.021050376,0.02117596,0.021329414,0.021551712,0.021773276,0.021996471,0.022203778,0.022369658,0.022537695,0.022643416,0.022666606,0.022689893,0.022683065,0.022684709,0.022697835,0.022710842,0.022847242,0.023044387,0.023240973,0.023468818,0.023692075,0.023916525,0.024143626,0.024304118,0.024457705,0.024612174,0.024719767,0.024822627,0.024925473,0.025036597,0.02518874,0.025340758,0.025507578,0.025764809,0.026022028,0.026281535,0.026530488,0.026739402,0.026951384,0.027096864,0.027126498,0.027156267,0.027172566,0.0271806,0.027208982,0.027237179,0.027333002,0.027490094,0.027646169,0.027813084,0.027997097,0.02818033,0.028363026,0.028526306,0.028684602,0.028842283,0.029046569,0.029265163,0.029484137,0.029703647,0.029881829,0.030060766,0.030240178,0.030374339,0.030503335,0.030632717,0.030734323,0.030825484,0.030916614,0.031011529,0.031136733,0.031261838,0.031386845,0.031540765,0.03169405,0.031847576,0.03202105,0.032196934,0.032373763,0.03254954,0.032688669,0.032828733,0.032969742,0.033076573,0.033179256,0.033282488,0.033399818,0.033532407,0.033665755,0.033802251,0.033940962,0.034080597,0.034221164,0.034328094,0.034431249,0.034534885,0.034613581,0.034677211,0.034740901,0.034793949,0.034824016,0.034853998,0.034883895,0.034952517,0.035030534,0.035108419,0.035270215,0.035504409,0.035740776,0.035983084,0.036166587,0.036352829,0.036541814,0.036580092,0.03658397,0.036587871,0.036531276,0.036418397,0.036305905,0.03619267,0.036104287,0.036016258,0.035928702,0.03584516,0.035764668,0.035684665,0.035632768,0.035615386,0.03559805,0.035587931,0.035640101,0.035692356,0.035744679,0.035807938,0.035873062,0.035938448,0.035988138,0.03601306,0.036038065,0.036062815,0.036093381,0.036123923,0.036154538,0.036242847,0.036354238,0.036466249,0.036592815,0.036742037,0.036892628,0.037041681,0.037104006,0.037166929,0.037230302,0.037230284,0.037202068,0.037173827,0.037151518,0.037136914,0.037122355,0.037109504,0.037184553,0.037259239,0.037333759,0.037451673,0.037592503,0.037733729,0.037875191,0.038025119,0.038176175,0.038326914,0.03841442,0.03850382,0.038594022,0.038670269,0.038741009,0.038812433,0.038837268,0.03875781,0.038678097,0.038599319,0.038397312,0.038187086,0.037978404,0.037835384,0.03771236,0.037590843,0.037534547,0.037623724,0.037712389,0.037799211,0.037907848,0.03802418,0.038140596,0.038222003,0.038291533,0.038361218,0.038426926,0.038491254,0.038555954,0.038620207,0.038730184,0.038846992,0.03896467,0.039203509,0.039556593,0.039918501,0.040243003,0.040571405,0.04091313,0.041261484,0.041158328,0.041025402,0.040889085,0.040590079,0.040112542,0.039636189,0.039287953,0.039098445,0.038909151,0.038725805,0.038688457,0.038657408,0.038626534,0.038527204,0.038404952,0.038283296,0.038133737,0.037932877,0.037733216,0.037531817,0.037409647,0.03730179,0.037193795,0.037203895,0.037362948,0.037525951,0.037625956,0.03782219,0.038029727,0.038215279,0.037949913,0.03765992,0.037356471,0.036831933,0.036100093,0.03535247,0.034649562,0.033858407,0.033063067,0.032290439,0.031419959,0.030530491,0.029655699,0.028789709,0.027879336,0.026997251,0.026214122,0.02553922,0.024882883,0.024260748,0.023837828,0.023432315,0.023034381,0.02271793,0.02244423,0.022173829,0.021952259,0.021809134,0.021667519,0.021532486,0.021493232,0.021459979,0.021426688,0.021464542,0.021569491,0.021676351,0.021865481,0.022425185,0.023029249,0.023560814,0.024243411,0.025052809,0.025978678,0.025973251,0.025569897,0.025132114,0.024476017,0.022769453,0.021169227,0.020080891,0.019521917,0.018996738,0.01852441,0.018754663,0.019077635,0.019381111,0.019620099,0.019992771,0.020359161,0.020619257,0.020868449,0.021122168,0.021368322,0.021528653,0.0217203,0.02191267,0.022087202,0.022294845,0.02250562,0.022696707,0.022885998,0.02307873,0.023270836,0.023418751,0.023562189,0.023707321,0.023846253,0.023957246,0.024068962,0.024198482,0.024331239,0.024464104,0.024599416,0.024599416
0.006729399,0.006915127,0.007086799,0.007370927,0.007620635,0.007861808,0.008151059,0.008306753,0.008459668,0.008625307,0.008734901,0.008840784,0.008943714,0.009088757,0.009241283,0.009391963,0.009566313,0.009725868,0.00988484,0.010061119,0.01021968,0.010377681,0.010536993,0.010743331,0.01093918,0.011137921,0.011331608,0.011479804,0.011630181,0.011732019,0.011759284,0.011786888,0.011810306,0.011804836,0.01187622,0.011945249,0.012036286,0.012223739,0.0124055,0.012589116,0.012773488,0.012952862,0.013127954,0.01328932,0.013445164,0.013596843,0.013765768,0.013949948,0.014130184,0.014326227,0.014515653,0.014701169,0.014884455,0.015075919,0.015239075,0.015401276,0.015550686,0.015657823,0.015764298,0.015877548,0.016003999,0.01612985,0.016255376,0.016400174,0.016534818,0.016669786,0.016797041,0.016895722,0.016994644,0.017083679,0.017146908,0.01721029,0.017273526,0.017334774,0.017414144,0.017493022,0.017581752,0.017692428,0.017802562,0.017936421,0.018138986,0.018341694,0.018545893,0.018738584,0.018894218,0.019051875,0.019158435,0.019196481,0.019234688,0.019246249,0.019259346,0.019282018,0.019304482,0.019429891,0.019608417,0.019786437,0.019992898,0.020198118,0.020404435,0.020613764,0.020758593,0.020896371,0.021034941,0.021135443,0.021233589,0.02133172,0.021436879,0.021579921,0.021722846,0.02187844,0.022114596,0.022351267,0.022590043,0.022822705,0.023021565,0.023223345,0.023368667,0.023415269,0.023462082,0.023497123,0.023520409,0.02356128,0.023601884,0.023699604,0.023850553,0.024000525,0.024159581,0.024332353,0.024504394,0.024675913,0.024830795,0.024981248,0.025131117,0.025322977,0.025528448,0.025734275,0.025940608,0.026109374,0.026278856,0.026448808,0.026578436,0.026703299,0.026828536,0.026930048,0.027023132,0.027116184,0.027212067,0.027332637,0.027453111,0.027573489,0.027724919,0.027877096,0.028029511,0.028196547,0.028362336,0.028529016,0.028695026,0.0288298,0.02896548,0.029102075,0.029202636,0.029298005,0.029393884,0.029502558,0.029625127,0.029748399,0.029873501,0.029992944,0.030113181,0.030234221,0.030324406,0.030410901,0.030497799,0.030565429,0.030623283,0.030681192,0.030730412,0.030765267,0.030800023,0.030834681,0.030906438,0.030987249,0.031067922,0.031220103,0.031432912,0.031647696,0.031866151,0.032017299,0.03217076,0.032326481,0.032342654,0.03232623,0.032309707,0.032246257,0.032141649,0.032037398,0.031933906,0.031870709,0.031807572,0.031744776,0.031692797,0.031646061,0.031599608,0.03157902,0.031590722,0.031602394,0.031620055,0.031686956,0.031754056,0.031821244,0.031895367,0.031970573,0.032046081,0.03210468,0.032136214,0.032167852,0.032198993,0.032227776,0.032256588,0.032285467,0.032366754,0.032468997,0.032571807,0.032687038,0.032822158,0.032958518,0.033093206,0.033139884,0.033187204,0.033234862,0.033228883,0.033198624,0.033168336,0.033146753,0.033136636,0.033126549,0.033118231,0.03319921,0.033279307,0.033359223,0.033477231,0.033615618,0.033754394,0.033887876,0.034021127,0.03415538,0.034289149,0.03435549,0.034424069,0.034493263,0.034550439,0.034603002,0.034656072,0.034672463,0.034604487,0.034536262,0.034469093,0.034304353,0.034131086,0.033959091,0.033850906,0.033760599,0.033671397,0.033640156,0.033738872,0.033837055,0.033933411,0.034045615,0.034165397,0.034285265,0.034370876,0.034445796,0.034520882,0.034590185,0.034654336,0.034718867,0.034782955,0.034886102,0.034995874,0.035106465,0.035324489,0.035646525,0.035976609,0.036263386,0.036539932,0.036828646,0.037122267,0.036999879,0.03685102,0.036698363,0.036403671,0.035945813,0.03548909,0.035159538,0.034986603,0.034812116,0.034643191,0.034608713,0.034579683,0.034550817,0.03447419,0.034382547,0.03429135,0.034177839,0.034022601,0.033868315,0.033712341,0.033627565,0.033555411,0.033483165,0.033498436,0.033644475,0.033794142,0.033876495,0.034035582,0.034206429,0.034352858,0.034054554,0.033734768,0.033400145,0.032860502,0.032127698,0.031379089,0.030701988,0.029983791,0.029259497,0.028558729,0.027795025,0.027009857,0.026237644,0.025497897,0.024719184,0.023964668,0.023312019,0.022768749,0.022239484,0.021736927,0.021398974,0.021075812,0.020758691,0.020516984,0.020316734,0.020118943,0.019960474,0.019869898,0.019781112,0.019694899,0.019683433,0.019678997,0.019674555,0.019721489,0.019831129,0.019942835,0.020122265,0.020641326,0.02120455,0.021694067,0.022302481,0.023037744,0.023878808,0.023821358,0.023391564,0.022925109,0.022284465,0.020687927,0.019180515,0.018171107,0.017704704,0.017244645,0.016830883,0.01709279,0.017432645,0.017751868,0.018001103,0.018373768,0.01874341,0.019007029,0.019248561,0.019498279,0.019740694,0.019898145,0.020088981,0.020280659,0.020444309,0.020635719,0.020830838,0.021002387,0.021165333,0.021332774,0.021498854,0.021618635,0.021733757,0.021850233,0.021970562,0.022067404,0.022164794,0.022279684,0.022398044,0.022515099,0.022633781,0.022633781
0.004450792,0.004564557,0.004669714,0.004849333,0.005006697,0.005158682,0.005341957,0.00543571,0.00552779,0.005628432,0.005693399,0.00575609,0.005816978,0.005903853,0.005994893,0.00608483,0.006190711,0.006287199,0.006383335,0.006490688,0.006584976,0.006678854,0.006773695,0.006900564,0.007020929,0.007143071,0.007261786,0.007350229,0.007439973,0.007498498,0.007511974,0.007525764,0.007536787,0.007527786,0.007568028,0.007606943,0.00765893,0.007773433,0.00788446,0.00799669,0.008107012,0.008214282,0.008319037,0.008415306,0.008507898,0.008598014,0.008698657,0.008808812,0.008916608,0.009034801,0.009148692,0.009260168,0.00937032,0.009485429,0.009582165,0.009678335,0.009766214,0.009825228,0.009883877,0.009946832,0.010016442,0.010085637,0.010154654,0.010235699,0.01031015,0.01038478,0.010454372,0.010505079,0.01055591,0.010600588,0.010630259,0.010660097,0.010689865,0.01071551,0.010750921,0.010786111,0.010828159,0.010885706,0.010942971,0.011014979,0.011128866,0.011242717,0.011357406,0.01146792,0.01155694,0.011647118,0.01170634,0.011723951,0.011741636,0.011742743,0.011746048,0.01175544,0.011764746,0.011835288,0.011937862,0.012040145,0.012159907,0.012278228,0.012397181,0.012518098,0.012597986,0.012673257,0.01274896,0.012800837,0.01285074,0.012900636,0.012955097,0.013034474,0.013113786,0.01320075,0.013340362,0.013480767,0.013622421,0.013760591,0.013877852,0.013996835,0.014081655,0.014106326,0.014131109,0.014148728,0.014156527,0.014174758,0.014192869,0.014243976,0.014326475,0.01440844,0.014495465,0.014588613,0.014681366,0.014773851,0.014856811,0.014937142,0.015017162,0.015123738,0.015239907,0.015356278,0.015473286,0.015569023,0.015665166,0.015761568,0.01583263,0.01590053,0.015968633,0.016022291,0.016070634,0.016118961,0.016169095,0.016234789,0.01630043,0.01636602,0.016449112,0.016532413,0.016615844,0.016708172,0.01679996,0.016892241,0.016983728,0.017054108,0.017124961,0.017196291,0.017243698,0.017287302,0.017331138,0.017380772,0.017436491,0.017492529,0.017549259,0.017600281,0.017651643,0.017703347,0.017735467,0.017764923,0.017794516,0.017813677,0.017828224,0.017842786,0.017853149,0.017862716,0.017872256,0.017881769,0.017922673,0.017971924,0.018021091,0.018113623,0.018244033,0.018375653,0.018508585,0.018593376,0.018679482,0.018766856,0.018768779,0.018750309,0.018731727,0.018685999,0.018616109,0.018546459,0.018477631,0.018437649,0.018397745,0.018358055,0.018328488,0.018303481,0.018278626,0.018269815,0.018280988,0.018292131,0.018306653,0.018348788,0.018391134,0.018433535,0.018479497,0.018525736,0.01857216,0.018608438,0.018628754,0.018649138,0.01866927,0.018688706,0.018708144,0.018727627,0.018772593,0.018827557,0.018882826,0.018943124,0.019011395,0.019080293,0.019148067,0.019162835,0.019177971,0.019193215,0.019178195,0.019149203,0.019120184,0.019101542,0.019098849,0.019096165,0.019094721,0.019154929,0.019214211,0.01927336,0.019353751,0.019445855,0.019538217,0.019625286,0.019708847,0.019793037,0.019876809,0.019910569,0.019945803,0.019981353,0.020010684,0.020038181,0.020065943,0.020074777,0.020039177,0.020003447,0.019968421,0.019881495,0.019789211,0.019697604,0.019645216,0.019602861,0.019561024,0.019552122,0.019616587,0.019680607,0.019743456,0.019812251,0.019886291,0.019960385,0.020012298,0.020057366,0.020102534,0.020143221,0.020178906,0.020214811,0.020250454,0.020309197,0.020372161,0.020435595,0.020558115,0.02074046,0.020927361,0.021081471,0.021219002,0.021363477,0.021509355,0.021396665,0.021267764,0.021135574,0.020935151,0.020642755,0.020351083,0.02014755,0.020056087,0.019962813,0.01987354,0.019878336,0.019885162,0.019891949,0.019869787,0.019839728,0.019809815,0.019764324,0.019690973,0.019618196,0.019544966,0.019521917,0.019506341,0.019490745,0.019524627,0.019636695,0.019751546,0.01981693,0.019915411,0.020022364,0.020113793,0.01992928,0.019732817,0.019527239,0.019201458,0.018761397,0.018311846,0.01791744,0.017512321,0.017101817,0.016706701,0.016286051,0.015851661,0.015424438,0.015028635,0.014607563,0.014199574,0.013857458,0.013584732,0.01331817,0.013065756,0.012909197,0.012761898,0.012617352,0.012504162,0.012414268,0.012325506,0.012255333,0.012221855,0.012189423,0.012156152,0.01215986,0.012169069,0.012178288,0.012212961,0.01228795,0.012364405,0.012476382,0.012797006,0.013147,0.013444074,0.013793932,0.014229882,0.014728562,0.014632704,0.014299961,0.013938845,0.013489396,0.012461349,0.011482623,0.010838042,0.010585965,0.010316693,0.010074518,0.010294229,0.010555174,0.01080022,0.01098863,0.011250638,0.011512869,0.011701281,0.01186304,0.012033475,0.012198634,0.012294455,0.012414668,0.01253552,0.012631619,0.01274255,0.012855992,0.012951232,0.013036562,0.013125751,0.013213991,0.013274235,0.01333328,0.013393048,0.013453576,0.013497674,0.01354118,0.013598244,0.013660458,0.013721814,0.013784219,0.013784219
0.003703192,0.003784396,0.003859362,0.003992655,0.004106589,0.004216629,0.004363282,0.004423463,0.004482568,0.004552628,0.004590209,0.004626068,0.004660495,0.004715559,0.004775023,0.004833767,0.004908326,0.0049747,0.005040831,0.005118373,0.005177351,0.005235755,0.005295142,0.005378229,0.005453997,0.005530884,0.005610522,0.005665911,0.005722114,0.005753651,0.005749968,0.005746689,0.005740226,0.005715475,0.005735078,0.005754034,0.005776405,0.005855256,0.005931714,0.006009471,0.006081778,0.006151968,0.00622065,0.006285021,0.006346511,0.006406357,0.006474656,0.006553652,0.006630956,0.006717087,0.006793927,0.006868846,0.006942963,0.007021703,0.007083926,0.007145786,0.00720361,0.007237961,0.007272098,0.007308951,0.007353,0.00739689,0.007440667,0.007495583,0.007544754,0.007594042,0.007640091,0.007668202,0.007696381,0.007720011,0.007733521,0.007747218,0.007760883,0.007772589,0.00779405,0.007815377,0.00784153,0.007882491,0.007923251,0.007975416,0.008053498,0.008131082,0.008209237,0.00828699,0.008346342,0.008406465,0.008444291,0.008446586,0.00844889,0.008437533,0.008432612,0.008433108,0.008433599,0.008477539,0.008548708,0.008619675,0.008703327,0.008781984,0.008861061,0.008942566,0.008997467,0.009048696,0.009100221,0.009134795,0.009168245,0.009201689,0.009237384,0.009291975,0.009346522,0.009406438,0.009502648,0.009599345,0.009696901,0.00979558,0.009879168,0.009963984,0.010024573,0.01004,0.010055497,0.010065488,0.01006983,0.010083196,0.010096475,0.010134995,0.010200025,0.010264635,0.010332458,0.010403985,0.010475209,0.01054622,0.010611217,0.010674021,0.01073658,0.010817396,0.010903999,0.010990751,0.011077969,0.011146185,0.011214689,0.011283378,0.011332622,0.011378955,0.011425426,0.011462558,0.011497114,0.011531658,0.011567165,0.011613553,0.011659905,0.011706219,0.011766555,0.011827348,0.011888235,0.011955326,0.012021609,0.012088247,0.012154326,0.012204438,0.012254887,0.012305676,0.012342645,0.012377757,0.012413056,0.012451299,0.012492435,0.012533806,0.012575762,0.012614366,0.012653228,0.012692349,0.012715624,0.012736431,0.012757336,0.012769816,0.0127776,0.01278539,0.012789474,0.012785183,0.012780904,0.012776637,0.012785192,0.012796377,0.012807543,0.012846583,0.012909039,0.012972076,0.013034455,0.013059505,0.013085135,0.013111142,0.013077176,0.013029028,0.01298059,0.012913209,0.012825434,0.012737958,0.012652095,0.012591016,0.012529509,0.012468334,0.012414928,0.012364822,0.012315019,0.012276909,0.012253494,0.01223014,0.012208966,0.012205663,0.012202826,0.012199986,0.01220008,0.012202133,0.012204194,0.012199231,0.012184529,0.012169778,0.012154796,0.012140251,0.012125715,0.012111144,0.01211814,0.012133547,0.01214904,0.012168271,0.0121952,0.012222376,0.012248752,0.012245139,0.012242129,0.012239097,0.012212512,0.012174188,0.012135828,0.012103422,0.012075704,0.012048069,0.012021282,0.012029739,0.012036408,0.012043063,0.012061866,0.012088559,0.012115327,0.012136248,0.012156509,0.012176922,0.012196715,0.012181845,0.012169839,0.012157726,0.012142404,0.012126215,0.01210987,0.012082187,0.012026879,0.011971298,0.011916044,0.011825774,0.011728457,0.011631855,0.011564477,0.011498788,0.011433904,0.01139143,0.011396406,0.011401217,0.011405414,0.011411635,0.011424365,0.011437104,0.011435502,0.011432001,0.011428493,0.011423558,0.011419563,0.011415901,0.011412051,0.011423683,0.011438417,0.011453261,0.011504,0.011595279,0.011688839,0.011762233,0.011837187,0.011919211,0.01200196,0.011939109,0.011869525,0.011798166,0.011684168,0.011502235,0.011320752,0.011188566,0.011100158,0.011005616,0.010913784,0.010874089,0.01083276,0.010791664,0.010739801,0.010683868,0.010628207,0.010565669,0.010487858,0.010409702,0.010331451,0.010278225,0.010228329,0.010178369,0.010150204,0.010174322,0.010199039,0.010180002,0.010176527,0.010185575,0.01018132,0.010009738,0.009842451,0.009667402,0.009438755,0.009137557,0.008829863,0.008566672,0.008297373,0.008013436,0.0077413,0.007485428,0.00720708,0.006933325,0.006701753,0.006437289,0.006181043,0.005971707,0.005800158,0.005627059,0.005463738,0.00535415,0.005250405,0.0051486,0.005060525,0.004997917,0.004936298,0.0048822,0.004850308,0.004823036,0.004794273,0.00477921,0.004775858,0.004772503,0.004766373,0.004791134,0.004816861,0.004845045,0.004972102,0.005127285,0.005247606,0.005363568,0.005578261,0.005823848,0.005775847,0.005646046,0.005505831,0.005384597,0.004963629,0.004506647,0.004238174,0.004196445,0.004031655,0.003883448,0.003975058,0.004062751,0.004144391,0.004181928,0.004268914,0.004374496,0.004437883,0.00447681,0.004545556,0.004611407,0.004629209,0.004677718,0.004727098,0.004756958,0.004797646,0.004844395,0.004880119,0.004909924,0.004949442,0.004987951,0.005009825,0.005032209,0.005054883,0.005084899,0.00510689,0.005126774,0.005153676,0.005182673,0.005207661,0.005234406,0.005234406
0.004001514,0.004087533,0.004167093,0.004312154,0.004437124,0.004557822,0.004719453,0.004785931,0.004851223,0.004929145,0.004969415,0.005007753,0.005044479,0.005101782,0.005163204,0.005223882,0.005300465,0.005364798,0.005428895,0.005505276,0.005568313,0.005630855,0.005694546,0.00578398,0.005865236,0.005947691,0.006032314,0.006088804,0.006146124,0.006177136,0.006169105,0.006161529,0.006150291,0.006117948,0.006134401,0.006150311,0.006169657,0.006248446,0.006324843,0.006402954,0.006476691,0.00654828,0.006618307,0.006682991,0.00674467,0.006804701,0.006871725,0.006946407,0.007019491,0.007102563,0.007180676,0.00725691,0.007332336,0.007412224,0.007474391,0.007536193,0.007594822,0.007629665,0.007664294,0.007702312,0.007746248,0.007789917,0.007833474,0.007885439,0.007930036,0.00797474,0.008017571,0.008044016,0.008070526,0.008092113,0.008103624,0.008115383,0.008127115,0.008136376,0.008155765,0.008175034,0.008197755,0.008232329,0.008266735,0.008312998,0.008388662,0.008463936,0.008539765,0.008614571,0.008668822,0.008723778,0.008756786,0.008755806,0.008754823,0.008739456,0.00873191,0.008730168,0.008728441,0.008768585,0.008835319,0.008901862,0.008982894,0.009061499,0.009140524,0.009222134,0.009274027,0.009321814,0.009369876,0.009399783,0.009427799,0.009455811,0.009486546,0.009539129,0.009591669,0.009649708,0.009744042,0.009838737,0.009934274,0.010030401,0.010110126,0.010191021,0.010247356,0.010257732,0.010268154,0.010272891,0.010272913,0.010282477,0.010291978,0.010325477,0.010384946,0.010444031,0.010506985,0.010575985,0.010644692,0.010713199,0.010775172,0.010834836,0.010894269,0.010971794,0.011054818,0.011137986,0.011221645,0.011285777,0.011350181,0.011414751,0.011460505,0.011503445,0.011546513,0.011578461,0.011606301,0.011634132,0.011663538,0.011707466,0.011751359,0.011795217,0.011851131,0.011907008,0.011962972,0.01202552,0.012087617,0.012150047,0.012211998,0.012258487,0.012305288,0.012352405,0.012383631,0.012412424,0.01244137,0.012474204,0.012511093,0.012548193,0.012585693,0.012618635,0.012651796,0.012685178,0.012702819,0.01271801,0.012733271,0.012740429,0.01274331,0.012746194,0.012746071,0.012743341,0.012740618,0.012737902,0.012749394,0.012763934,0.01277845,0.012821234,0.012888203,0.012955794,0.013022749,0.013053434,0.013084797,0.013116621,0.013088228,0.01304577,0.013003056,0.012942866,0.012863503,0.012784411,0.012707514,0.012664605,0.012621185,0.012577999,0.012548726,0.01252495,0.012501319,0.012488121,0.012487686,0.012487252,0.012488793,0.012505757,0.012523347,0.01254096,0.012555774,0.012570118,0.01258452,0.012589497,0.012581161,0.012572797,0.012564188,0.01255512,0.012546031,0.012536922,0.012549663,0.012570925,0.012592306,0.012616727,0.012647517,0.012678589,0.012708715,0.012703817,0.012699901,0.012695958,0.012670549,0.012634043,0.012597503,0.012568367,0.012545041,0.012521785,0.012499453,0.012516367,0.012531309,0.012546217,0.012574209,0.012610496,0.012646884,0.012675852,0.012702524,0.012729396,0.012755632,0.012744692,0.012737311,0.012729863,0.012718976,0.012707284,0.012695479,0.012674621,0.012628511,0.012582076,0.012536208,0.012465407,0.012386963,0.012309095,0.012262677,0.012217401,0.012172678,0.012150821,0.012178116,0.012205133,0.012231284,0.012253433,0.012282268,0.012311124,0.012323471,0.012334502,0.012345557,0.012353667,0.012360447,0.012367663,0.012374639,0.012395129,0.012418851,0.012442751,0.012502872,0.01260738,0.0127145,0.012797683,0.012880016,0.01297034,0.01306135,0.012989988,0.01291168,0.012831374,0.012707024,0.012510398,0.01231426,0.012176223,0.012090944,0.01199825,0.011908896,0.011886296,0.011862075,0.01183799,0.011806471,0.011772775,0.011739242,0.011700379,0.011648824,0.011596905,0.011545204,0.011529499,0.011518425,0.011507337,0.011519818,0.011591541,0.011665046,0.011689472,0.011731028,0.011788115,0.01183102,0.011670192,0.011515287,0.011353196,0.01112809,0.010820955,0.010507195,0.010246258,0.009981495,0.009701666,0.009435431,0.009182104,0.008901829,0.008626178,0.008398713,0.008134425,0.007878348,0.007676456,0.00751987,0.007360938,0.007210649,0.007117098,0.007030463,0.006945447,0.006870352,0.006820352,0.006771172,0.006727312,0.006705782,0.006688523,0.006668779,0.006664978,0.006673372,0.006681777,0.006691774,0.006738461,0.0067865,0.006839253,0.00701951,0.007231511,0.00740121,0.007577598,0.007864853,0.008193443,0.008134511,0.007955743,0.007762374,0.007567033,0.006978331,0.006364108,0.005991138,0.005906869,0.00569978,0.005513531,0.005643273,0.005776692,0.00590131,0.00597277,0.00610461,0.006254388,0.006350648,0.006419208,0.006518322,0.006613553,0.006646578,0.006712101,0.006778527,0.006822184,0.006879677,0.006943794,0.006992792,0.007032155,0.007080682,0.007127899,0.007153269,0.007180142,0.007207382,0.007242665,0.007266734,0.00728821,0.007320371,0.007357282,0.007390542,0.007424552,0.007424552
0.005265132,0.005402767,0.005530197,0.005734153,0.005904888,0.006069787,0.006325339,0.006428915,0.006530642,0.006659643,0.006736293,0.006809588,0.006880092,0.006981014,0.007089432,0.007196537,0.007331161,0.007446855,0.007562125,0.007699737,0.007811563,0.00792249,0.008035834,0.008190447,0.008332785,0.008477224,0.008632437,0.00874256,0.008854303,0.008927734,0.008952039,0.008976737,0.008993357,0.00897482,0.00903985,0.009102737,0.009157755,0.009307527,0.009452751,0.009599549,0.009738478,0.009873445,0.010005561,0.010134497,0.010258917,0.010380011,0.010510273,0.010652182,0.010791052,0.010946109,0.011090764,0.011232071,0.01137193,0.011521319,0.011640216,0.011758418,0.01187466,0.011950307,0.012025486,0.012105679,0.012192341,0.012278447,0.012364331,0.012465969,0.012555675,0.012645596,0.012734549,0.012796186,0.012857972,0.012911746,0.012947427,0.012983389,0.013019267,0.01305132,0.01310172,0.013151807,0.013205705,0.013278705,0.013351348,0.013443838,0.013586278,0.013728234,0.013871235,0.014013934,0.014119625,0.014226691,0.014299891,0.014318261,0.014336709,0.014330231,0.014337971,0.014355646,0.014373159,0.014456704,0.014586444,0.014715816,0.01486982,0.015017011,0.015164988,0.015318371,0.01542429,0.01552307,0.015622417,0.015692495,0.015760584,0.015828664,0.015899179,0.016003053,0.016106841,0.016219919,0.016394286,0.016569354,0.016745978,0.016924017,0.017071979,0.017222113,0.017331842,0.017365616,0.017399543,0.017423631,0.017437937,0.017469015,0.017499891,0.01756899,0.017682224,0.017794725,0.017913977,0.018044265,0.018174002,0.018303342,0.018423802,0.018540458,0.018656662,0.018804249,0.018961513,0.019119049,0.019278434,0.01940656,0.019535229,0.019664259,0.019760184,0.019851078,0.019942244,0.020014342,0.020079707,0.020145051,0.020212198,0.020300069,0.02038787,0.020475601,0.020587836,0.020700832,0.020814005,0.020938864,0.021063152,0.021188108,0.021312259,0.021408511,0.02150541,0.021602962,0.021674389,0.021742079,0.02181013,0.02188491,0.021966677,0.022048913,0.022132022,0.022207846,0.022284174,0.022361012,0.022408229,0.022450592,0.022493152,0.022521536,0.02254238,0.022563243,0.022578486,0.022585182,0.022591859,0.022598517,0.022627587,0.022660927,0.02269421,0.022777062,0.022902256,0.023028611,0.023153356,0.023214838,0.023277722,0.023341532,0.023295203,0.02322292,0.023150202,0.023044826,0.022901578,0.022758821,0.022619238,0.02252466,0.022428913,0.022333682,0.022259267,0.022193292,0.022127717,0.022081757,0.022060293,0.022038887,0.0220213,0.022036824,0.022053509,0.022070215,0.022088017,0.022108179,0.022128422,0.0221353,0.022124703,0.022114072,0.022103022,0.02208981,0.022076252,0.022062663,0.022088521,0.022130648,0.022173009,0.022220357,0.022279173,0.02233853,0.022396086,0.022386228,0.022378229,0.022370172,0.022324031,0.022257781,0.022191469,0.022141805,0.022105308,0.022068924,0.022034075,0.022062675,0.02208695,0.022111171,0.022161898,0.02222884,0.02229597,0.022348211,0.022398388,0.022448941,0.022498409,0.022484823,0.022478416,0.022471952,0.022454541,0.022433823,0.022412905,0.022375133,0.022292491,0.022209341,0.022127039,0.021986315,0.021829274,0.021673386,0.02157698,0.021481227,0.021386646,0.02133257,0.021363418,0.02139367,0.021422538,0.021450634,0.021493198,0.021535793,0.021549619,0.021562517,0.021575444,0.0215831,0.02158816,0.02159395,0.021599272,0.02162873,0.021665539,0.021702623,0.021802515,0.021983359,0.022168723,0.022308046,0.022447826,0.022603666,0.022760373,0.022628853,0.022488287,0.022344134,0.022123816,0.021764351,0.021405777,0.021154804,0.020996391,0.02082228,0.020653714,0.020592573,0.020527535,0.020462864,0.020367669,0.020263419,0.020159678,0.020040607,0.019892836,0.019745724,0.019598578,0.019501339,0.019410815,0.019320176,0.019261057,0.019306354,0.019352776,0.019310818,0.019300173,0.019317169,0.019306392,0.018954881,0.018615921,0.018261235,0.017808092,0.017214193,0.016607485,0.016093813,0.015572755,0.015020273,0.014491896,0.014004321,0.013465129,0.012934834,0.012491718,0.011978872,0.011481962,0.011074106,0.010735162,0.010392305,0.010069473,0.009854551,0.009652769,0.009454758,0.009279611,0.009149869,0.009022103,0.008913062,0.008849777,0.008795259,0.008737094,0.008700749,0.008687614,0.008674463,0.008667197,0.0087222,0.008779253,0.008828216,0.009053433,0.009333466,0.009543124,0.00973094,0.010120044,0.01056514,0.010451322,0.01019101,0.009909904,0.009686497,0.008899815,0.008027866,0.007528323,0.00748932,0.00718074,0.006903213,0.007108012,0.007296988,0.007472964,0.007560694,0.007744128,0.007966526,0.008098322,0.008166424,0.008300466,0.008429139,0.008469171,0.008570156,0.008672917,0.008739811,0.008829625,0.008932384,0.009009452,0.009067856,0.009143997,0.009218304,0.009261819,0.009311416,0.009361726,0.009424731,0.009470656,0.009511659,0.009567263,0.009628145,0.0096811,0.009736874,0.009736874
0.004771495,0.004900938,0.005020336,0.005200417,0.005347242,0.005489048,0.005738635,0.005827712,0.005915199,0.006035323,0.006107452,0.00617627,0.006241668,0.00632948,0.00642474,0.006518847,0.00664224,0.00674393,0.006845249,0.00697154,0.007072499,0.007172491,0.007275112,0.007411971,0.007533747,0.007657321,0.007799539,0.007897391,0.007996682,0.008060195,0.008080524,0.00810128,0.008112486,0.008084065,0.008141995,0.008198016,0.008235422,0.008368009,0.008496571,0.008626651,0.008745241,0.008860333,0.008973155,0.009084405,0.009190839,0.009294427,0.009404453,0.009525357,0.009643673,0.009778863,0.009900234,0.010018469,0.010135639,0.010264178,0.010361772,0.010458795,0.010558287,0.010618333,0.010678007,0.010741767,0.010809416,0.010876556,0.010943524,0.01102907,0.011103012,0.011177131,0.011251394,0.011298711,0.011346142,0.01138697,0.011412597,0.011438461,0.011464265,0.01148441,0.011523654,0.011562654,0.011603854,0.011661974,0.01171981,0.011795882,0.011914255,0.01203189,0.012150391,0.01227487,0.012362682,0.012451635,0.012513459,0.012526358,0.012539312,0.012527506,0.012528401,0.012539063,0.012549627,0.012617424,0.012731971,0.012846193,0.012983307,0.013110333,0.013238037,0.013371907,0.013461729,0.01354415,0.013627046,0.013687282,0.01374739,0.013807489,0.013867112,0.013955993,0.014044801,0.014141868,0.014292223,0.014442965,0.014595049,0.014753347,0.014884027,0.015016626,0.015113697,0.015139244,0.015164907,0.015181324,0.015187999,0.015211431,0.01523471,0.01529015,0.015386853,0.01548293,0.015583857,0.015691094,0.015797878,0.015904343,0.016003821,0.016099494,0.016194797,0.016316797,0.01644645,0.016576328,0.016709035,0.016815575,0.016922567,0.017029853,0.017109201,0.017183905,0.017258832,0.017317178,0.01736994,0.017422685,0.01747609,0.017545162,0.017614179,0.017683142,0.01777686,0.01787191,0.017967108,0.018071244,0.018173318,0.018275941,0.018377934,0.018454847,0.018532276,0.018610227,0.018662818,0.018711394,0.018760229,0.018817257,0.018883229,0.018949579,0.019016411,0.019075071,0.019134121,0.019193566,0.01923015,0.019263285,0.019296574,0.019319352,0.019337624,0.019355913,0.019369413,0.019372692,0.019375961,0.01937922,0.019408305,0.019442725,0.019477085,0.019555626,0.019673576,0.01979262,0.019909418,0.019973743,0.02003961,0.020106448,0.020084379,0.020042827,0.020001024,0.019926987,0.019810085,0.019693583,0.019580345,0.019507948,0.019434024,0.019360498,0.019302249,0.019250413,0.019198892,0.019164575,0.019150491,0.019136444,0.019125751,0.019148488,0.019172804,0.019197152,0.019220659,0.019246543,0.019272531,0.019285186,0.019280391,0.01927558,0.019270381,0.019263234,0.019256009,0.019248767,0.019278352,0.019322773,0.01936744,0.019413411,0.019464606,0.019516272,0.019566545,0.019570206,0.019577454,0.019584754,0.019554028,0.019501118,0.019448158,0.019410459,0.019378815,0.019347269,0.019317389,0.019355122,0.019387555,0.019419915,0.019474283,0.019543,0.019611909,0.019666453,0.019724121,0.019782223,0.019839314,0.019835799,0.019841151,0.01984655,0.019845246,0.019844244,0.019843232,0.019824005,0.019758719,0.019693017,0.01962826,0.019516358,0.019385727,0.019256056,0.019183976,0.019105356,0.019027699,0.018990288,0.019032821,0.019074368,0.019114375,0.019146252,0.019196024,0.019245832,0.01926685,0.019289,0.019311198,0.019326559,0.019337774,0.01935001,0.019361871,0.019398293,0.019443252,0.019488546,0.019583343,0.019755071,0.019931091,0.020059044,0.020196511,0.020353819,0.020512004,0.020396195,0.020274444,0.020149588,0.019972657,0.019655571,0.019339271,0.019134875,0.019014942,0.018873909,0.018738032,0.018703646,0.018663601,0.018623782,0.018553032,0.018476579,0.018400498,0.018312012,0.018200663,0.018090075,0.017979314,0.017914301,0.017855508,0.017796639,0.017759244,0.017831535,0.017905621,0.017898361,0.017940351,0.018018531,0.018072515,0.017803453,0.017560631,0.017306542,0.016955388,0.016458816,0.015951535,0.015538344,0.015100238,0.014621924,0.014165971,0.013734499,0.013242755,0.012759123,0.012362907,0.011877396,0.01140697,0.011025021,0.010705304,0.010378054,0.010067443,0.00984989,0.009648955,0.009451775,0.009275265,0.009150727,0.009028201,0.008917032,0.008848793,0.008791573,0.008730973,0.008693615,0.008680324,0.008667017,0.008645559,0.008694739,0.008746158,0.008789366,0.009028349,0.009335171,0.009561681,0.009745675,0.010174448,0.01066492,0.010553438,0.010302394,0.010031785,0.009855526,0.009059708,0.00813955,0.007631706,0.007631286,0.00727808,0.006960418,0.007170164,0.007355005,0.007526757,0.007592889,0.007767751,0.007993683,0.008121926,0.008181008,0.008322675,0.008458127,0.008484975,0.008588756,0.008694781,0.008755518,0.008840328,0.008940686,0.009014601,0.009071426,0.00915178,0.009230266,0.009277234,0.009329421,0.009382337,0.009446566,0.009492607,0.009533338,0.009591789,0.009658435,0.009716497,0.009776699,0.009776699
0.011406716,0.011663104,0.011899179,0.012346704,0.01275297,0.013145349,0.013553678,0.013776858,0.013996053,0.014217729,0.014350152,0.01447798,0.014602761,0.014795858,0.014997541,0.015196782,0.015425567,0.015636064,0.01584579,0.016074964,0.016284005,0.016492407,0.016701834,0.016986039,0.017258117,0.017534212,0.017790466,0.017982244,0.018176843,0.018296955,0.018301467,0.018306914,0.018309929,0.018274165,0.018337633,0.018399009,0.01851476,0.018771512,0.019020467,0.019272393,0.019519022,0.019758785,0.019992637,0.020199286,0.020397421,0.020590259,0.020812496,0.021060981,0.021304146,0.021568439,0.021830497,0.022087342,0.022340962,0.022598228,0.022815047,0.023030596,0.023219808,0.023344242,0.023467907,0.02360192,0.023752082,0.023901307,0.024050148,0.024224931,0.024385814,0.024547083,0.024693135,0.024795977,0.024899069,0.024987788,0.02503152,0.025075199,0.025118777,0.02516244,0.025231193,0.025299519,0.025388615,0.025520114,0.025650969,0.025815285,0.026070507,0.026325317,0.026582005,0.026824031,0.027020928,0.027220385,0.02734478,0.027371702,0.027398738,0.027390097,0.027387078,0.027397355,0.027407538,0.027572391,0.027812512,0.028051952,0.028328803,0.028601456,0.028875566,0.029152654,0.029327633,0.029492084,0.029657479,0.029763324,0.029860879,0.029958421,0.030069136,0.030239038,0.0304088,0.030596195,0.03091958,0.031246691,0.031576711,0.031897731,0.032174815,0.032455968,0.032656263,0.032714408,0.032772817,0.032815249,0.032832444,0.032871257,0.032909816,0.033031083,0.033226269,0.033420191,0.033626172,0.033848101,0.034069091,0.034289433,0.03449088,0.034687283,0.034882925,0.03513488,0.035404094,0.035673776,0.035942046,0.036151133,0.036361107,0.036571627,0.036716535,0.036852975,0.036989824,0.037096113,0.037192865,0.037289584,0.037393851,0.037550877,0.03770778,0.037864558,0.038066403,0.038269914,0.038473743,0.038700882,0.038930141,0.039160631,0.039388767,0.039565211,0.039742841,0.039921668,0.040049396,0.04016953,0.040290306,0.040421799,0.040564058,0.040707131,0.04085089,0.040973715,0.041097357,0.041221825,0.041303379,0.041379556,0.041456088,0.041514552,0.041570536,0.041626574,0.041672367,0.041714632,0.041756777,0.041798802,0.041883906,0.041979249,0.042074429,0.042247596,0.042476031,0.042706586,0.042935535,0.042996453,0.043058322,0.043121101,0.042988191,0.042807962,0.042626648,0.042418103,0.04220961,0.04200183,0.041803353,0.041778152,0.041752827,0.041727639,0.041777148,0.041855756,0.041933888,0.042049732,0.042214478,0.042378785,0.042547896,0.042728017,0.042908514,0.043089247,0.04323793,0.043370708,0.043504019,0.043601697,0.043641433,0.043681302,0.043719798,0.043737673,0.043755596,0.043773562,0.043855409,0.043962531,0.044070248,0.044192039,0.044334962,0.044479197,0.04462073,0.044639569,0.044658707,0.044677982,0.04461882,0.044524768,0.044430627,0.044352442,0.044301095,0.044249905,0.044201242,0.044275793,0.044349847,0.044423735,0.044545104,0.044692051,0.04483941,0.044963223,0.045052724,0.045142898,0.04523101,0.045179909,0.045129464,0.045078567,0.045034873,0.044994979,0.044954701,0.0449045,0.044815895,0.044726903,0.044640353,0.044501837,0.044353289,0.044205832,0.044156772,0.044141176,0.044125772,0.044177827,0.044386321,0.044593747,0.044797686,0.044980859,0.045172829,0.045364938,0.045496491,0.045605698,0.045715147,0.045811443,0.045889532,0.045967884,0.046045534,0.04617082,0.046304753,0.046439684,0.046717883,0.047130133,0.047552685,0.047921943,0.048277736,0.04864755,0.049022592,0.048823004,0.048586997,0.048344967,0.047837484,0.047091855,0.046348074,0.045749335,0.045331643,0.044916739,0.044513545,0.044342085,0.044178435,0.044015709,0.043885815,0.043771838,0.043658416,0.043549746,0.043438285,0.043327275,0.043218698,0.043273682,0.043344656,0.043415721,0.043600299,0.043953249,0.044314966,0.044521536,0.044721888,0.044933913,0.045099658,0.044535965,0.043932226,0.043300476,0.042421647,0.041303193,0.040160616,0.039196513,0.038300975,0.037400734,0.036548321,0.035749285,0.034926289,0.034116873,0.033484141,0.032832489,0.032201087,0.031762721,0.031534847,0.031312452,0.031110689,0.031118157,0.031137466,0.031156414,0.031197595,0.031273963,0.031349442,0.031426559,0.031552346,0.031677948,0.031785021,0.031922711,0.032069849,0.032217156,0.032394201,0.03266036,0.032931211,0.033293046,0.03418876,0.035152821,0.036003699,0.037067418,0.038319962,0.039752743,0.039718559,0.039064597,0.038354628,0.037295279,0.0346444,0.032167955,0.030481145,0.029629791,0.028845787,0.02814068,0.028515064,0.029031606,0.029517064,0.029896684,0.030472978,0.031037591,0.031435572,0.031806088,0.032177541,0.032536799,0.032746519,0.03300328,0.033261005,0.033442024,0.033652634,0.033866247,0.034025706,0.034147509,0.034271734,0.03438965,0.034413508,0.03442838,0.03444343,0.034491207,0.034507818,0.034524153,0.034574151,0.034637868,0.034701668,0.034769527,0.034769527
0.012704361,0.01299227,0.013257671,0.013746793,0.014182691,0.014603689,0.01505795,0.015295505,0.015528819,0.015770143,0.015906974,0.016038654,0.016166803,0.016367249,0.016576902,0.016784016,0.017027377,0.017250085,0.017471979,0.017717894,0.017931131,0.018143367,0.018357122,0.018668992,0.018974129,0.01928377,0.019576662,0.019798281,0.020023161,0.020165702,0.020140611,0.020116161,0.02008803,0.020028727,0.020093575,0.020156286,0.020271694,0.020545432,0.020810858,0.02107978,0.021376955,0.021666653,0.021949275,0.022194307,0.022424617,0.02264877,0.022902623,0.023182781,0.02345694,0.023755463,0.02404019,0.024318843,0.024594066,0.024879887,0.025122001,0.025362697,0.025573234,0.025702239,0.025830445,0.025969938,0.026147878,0.026325554,0.026502773,0.026708445,0.026897219,0.027086446,0.027259379,0.027381619,0.027504156,0.027610677,0.027674991,0.027739608,0.027804075,0.027871113,0.027969173,0.028066624,0.028181944,0.028334304,0.028485918,0.028675227,0.028957988,0.029239677,0.02952344,0.029769144,0.029945685,0.030124521,0.030221091,0.030209582,0.030198025,0.030145672,0.03010339,0.030076868,0.030050587,0.030196761,0.030430989,0.030664551,0.030938172,0.031200398,0.031464025,0.031731582,0.031923576,0.032107263,0.032292005,0.032417186,0.03253746,0.032657716,0.032793795,0.033003061,0.033212155,0.033440445,0.033811277,0.034185632,0.034563316,0.034937497,0.035266524,0.035600383,0.035844024,0.035923071,0.036002477,0.036064117,0.036101999,0.036165072,0.036227734,0.036369963,0.036585622,0.036799885,0.037026922,0.037269376,0.037510803,0.037751524,0.037971542,0.038185778,0.038399184,0.038674108,0.038967384,0.03926117,0.03955603,0.039795526,0.040036037,0.04027719,0.040450608,0.040615413,0.040780712,0.040913574,0.041037483,0.041161351,0.041291728,0.041471419,0.041650967,0.041830374,0.042063012,0.042298257,0.04253387,0.04278781,0.043035592,0.043284704,0.043531017,0.043718508,0.043907259,0.044097282,0.04423964,0.044375916,0.044512919,0.044659635,0.04481567,0.0449726,0.045130682,0.045268847,0.045407932,0.045547945,0.045645043,0.045737529,0.045830445,0.045908275,0.045989531,0.046070864,0.046139559,0.04619086,0.046242014,0.046293023,0.046388854,0.046494977,0.046600921,0.046789903,0.047036075,0.047284531,0.047532065,0.047614144,0.047697617,0.047782319,0.047652579,0.047471443,0.047289216,0.047070899,0.046840508,0.046610905,0.046390344,0.046337153,0.046283492,0.04623012,0.046254411,0.046308963,0.046363185,0.046459763,0.046611236,0.046762306,0.046918521,0.04708537,0.04725303,0.04742091,0.047564806,0.047696513,0.047828748,0.047919343,0.047943001,0.047966738,0.047988719,0.047983356,0.047978012,0.047972654,0.048047265,0.048153729,0.048260786,0.048382372,0.048526605,0.048672163,0.04881483,0.048830734,0.048847331,0.048864047,0.04878901,0.048672547,0.048555974,0.048460704,0.048398611,0.048336707,0.048277364,0.048340621,0.048402733,0.048464706,0.0485869,0.048741397,0.048896329,0.0490265,0.04912579,0.049225827,0.049323538,0.049267117,0.049213116,0.04915863,0.049115601,0.049078261,0.04904056,0.04898394,0.048867787,0.04875102,0.048636754,0.048455845,0.048261402,0.048068387,0.047984533,0.047933308,0.047882711,0.047910931,0.048118796,0.048325596,0.04852879,0.048717127,0.048917299,0.049117617,0.049248372,0.049354815,0.049461494,0.049552658,0.049623364,0.049694575,0.049764899,0.049883965,0.050013189,0.050143376,0.050440135,0.050890667,0.051352457,0.05175627,0.052153912,0.052569333,0.052991632,0.052814094,0.052600434,0.052381321,0.051856621,0.051057757,0.050260872,0.049620098,0.049162859,0.048705581,0.048260321,0.048049428,0.047844769,0.047641263,0.047463022,0.047296735,0.047131259,0.046970433,0.046804047,0.046637818,0.046475613,0.046505911,0.046553858,0.046601865,0.046759437,0.047101614,0.047452292,0.047631006,0.04781032,0.048007173,0.048151343,0.04750148,0.046815418,0.046097525,0.045139344,0.043923927,0.042682297,0.041617897,0.040594227,0.039557571,0.038570886,0.037633967,0.036663455,0.035708956,0.03494118,0.034136847,0.033357507,0.032766804,0.032375026,0.031990126,0.031640284,0.031559985,0.031494235,0.031429714,0.031409529,0.031437227,0.031464721,0.03148522,0.031549156,0.031614889,0.031667594,0.031774231,0.031894647,0.032015202,0.032169417,0.032423724,0.032682822,0.033024511,0.03390226,0.034855048,0.035694664,0.036757582,0.038046227,0.039520304,0.03953574,0.038939927,0.038293142,0.037330818,0.034741119,0.03229363,0.030636162,0.02978861,0.028953626,0.028202669,0.028526985,0.028988955,0.029422855,0.029758242,0.030305822,0.030849769,0.031222129,0.031561774,0.031916755,0.032259893,0.032459177,0.032716767,0.03297566,0.033175375,0.033417291,0.033666065,0.033851716,0.033988681,0.034132733,0.03427358,0.034344503,0.034406788,0.034469808,0.034531861,0.034551229,0.034568808,0.034629462,0.034712533,0.034793482,0.03487724,0.03487724
0.006266001,0.006414182,0.006551443,0.006783255,0.006977991,0.00716607,0.007430289,0.00754092,0.007649576,0.00778053,0.007851064,0.007918326,0.007982835,0.008077924,0.008178736,0.008278326,0.008406195,0.008517607,0.008628612,0.008761174,0.008871988,0.008981982,0.009094012,0.009247248,0.009386671,0.009528152,0.009675869,0.009778363,0.009882365,0.009943974,0.009946655,0.009949965,0.009946616,0.009904492,0.009942277,0.009978816,0.010017645,0.01015423,0.010286668,0.010421818,0.01054216,0.010658829,0.010772913,0.01087826,0.010979111,0.011077266,0.011186688,0.011309251,0.01142919,0.011565221,0.011695079,0.011821905,0.011947427,0.012081507,0.01218545,0.012288785,0.012388428,0.012449856,0.012510904,0.012577905,0.012647699,0.012716765,0.012785652,0.012872574,0.012949485,0.013026581,0.01310148,0.013150666,0.013199971,0.013240921,0.013264532,0.013288533,0.01331248,0.013332946,0.013371429,0.013409673,0.01345378,0.013519493,0.013584885,0.01367067,0.013801933,0.013932222,0.01406347,0.014191716,0.014283498,0.014376474,0.014433163,0.014433082,0.014433002,0.014408509,0.014400096,0.014401716,0.01440332,0.014476636,0.014597312,0.014717645,0.014861726,0.014998883,0.015136773,0.015279276,0.015369454,0.015452355,0.015535733,0.015588045,0.015636312,0.015684572,0.015737898,0.015831016,0.015924058,0.016026151,0.016194903,0.016365246,0.016537104,0.016711172,0.016858428,0.017007846,0.017116096,0.017145504,0.017175047,0.017195043,0.017205338,0.017231562,0.017257615,0.017322338,0.017429938,0.017536842,0.017650574,0.017775985,0.017900864,0.018025367,0.01813919,0.018248989,0.018358362,0.018497535,0.01864517,0.018793062,0.018941301,0.019052918,0.019165008,0.019277392,0.019361031,0.019440428,0.019520062,0.019581103,0.01963533,0.019689538,0.019745981,0.019826213,0.019906382,0.019986488,0.020092194,0.020199089,0.02030615,0.020426301,0.020547841,0.020670035,0.020790721,0.020880004,0.020969887,0.021060376,0.021124805,0.021185384,0.021246287,0.021314224,0.021389552,0.021465313,0.021541647,0.021608801,0.021676401,0.021744453,0.02178781,0.0218277,0.021867776,0.021895968,0.021919151,0.021942356,0.021960114,0.021971459,0.021982771,0.021994052,0.022027598,0.022065782,0.022103901,0.022183237,0.022294785,0.022407369,0.022516729,0.022548369,0.022580991,0.022614093,0.022540054,0.022439954,0.022339252,0.022222534,0.022091429,0.021960773,0.021836504,0.021800802,0.021763353,0.021726106,0.02172954,0.021748006,0.021766359,0.021806927,0.021876781,0.021946449,0.022017882,0.022088444,0.02216038,0.022232411,0.02228961,0.022342709,0.02239602,0.022428811,0.022432449,0.0224361,0.02243915,0.022436423,0.022433861,0.022431294,0.02246629,0.022516146,0.022566279,0.022621463,0.022687131,0.022753403,0.022818168,0.02282296,0.022829413,0.022835912,0.02280223,0.022748586,0.022694891,0.022653508,0.022620243,0.022587079,0.022555389,0.02258806,0.022617804,0.022647482,0.022697454,0.022761243,0.022825211,0.022873704,0.022917207,0.022961037,0.02300349,0.022968872,0.022941585,0.022914052,0.022883467,0.022850575,0.022817365,0.02278212,0.022723981,0.022665118,0.022607601,0.022517515,0.022411237,0.022305739,0.022264514,0.022227184,0.022190311,0.022192547,0.022281239,0.022369328,0.022455491,0.022527716,0.022613635,0.022699616,0.022747013,0.022788594,0.022830268,0.022863759,0.022889772,0.022916637,0.022943217,0.023000925,0.023065779,0.023131116,0.023258525,0.023464666,0.023675958,0.023847664,0.024024254,0.024216016,0.024410002,0.024304921,0.024189713,0.024071565,0.02383498,0.02345453,0.023075023,0.02278745,0.02257901,0.022359465,0.022146968,0.022065805,0.021979995,0.021894669,0.021824675,0.021756443,0.021688544,0.02162425,0.021554112,0.021482078,0.021411753,0.021427618,0.021450421,0.021473253,0.021529289,0.021697051,0.021868981,0.021936851,0.022026255,0.022148334,0.022241331,0.021919347,0.021608389,0.021283003,0.020849046,0.020261695,0.019661677,0.019185263,0.018727541,0.018239018,0.017778381,0.017358035,0.016886374,0.016422495,0.016084443,0.0156727,0.015273751,0.014990631,0.014802804,0.014604901,0.01442152,0.014350552,0.014287849,0.014226318,0.014180169,0.014177432,0.014175099,0.014172435,0.014207265,0.014251168,0.014283253,0.014323449,0.014388444,0.014453514,0.014511902,0.014649496,0.014790668,0.014940961,0.015359209,0.015842182,0.016239171,0.016658785,0.017293814,0.018020221,0.017944229,0.017602103,0.017231837,0.016840335,0.01560828,0.014341654,0.0135545,0.01331227,0.012864998,0.012462737,0.012692863,0.01294974,0.013189962,0.013337193,0.013610764,0.01391305,0.014108713,0.014259237,0.01446568,0.014663546,0.014722545,0.014848966,0.014977194,0.015061301,0.015174636,0.015300453,0.015382926,0.015429478,0.015494664,0.015557065,0.015576575,0.015594641,0.015612962,0.015651814,0.015667282,0.015677021,0.015711913,0.015759075,0.015797622,0.015838929,0.015838929
0.002783618,0.002844075,0.002899968,0.003000401,0.003086386,0.003169431,0.00327672,0.00332161,0.003365699,0.003416936,0.003443013,0.003467851,0.003491684,0.003529794,0.003570466,0.003610645,0.003661312,0.003704038,0.003746607,0.003796936,0.003837616,0.003877959,0.003919009,0.003978325,0.004032675,0.004087827,0.004143179,0.004179622,0.004216601,0.004235507,0.004228474,0.004221785,0.004212909,0.00418943,0.004197351,0.004205011,0.004216631,0.004266592,0.004315037,0.004364798,0.004411113,0.004456053,0.004500022,0.004540943,0.00458022,0.004618448,0.004661752,0.004710682,0.004758564,0.004812717,0.004864471,0.004915021,0.004965024,0.005019086,0.005062301,0.005105264,0.005145031,0.005167198,0.005189228,0.005213569,0.005241868,0.005269987,0.005298033,0.005333033,0.005363878,0.005394796,0.005424004,0.005442165,0.005460371,0.005475349,0.005482374,0.005489498,0.005496606,0.005501548,0.005512876,0.005524133,0.005538682,0.005562831,0.005586863,0.005618693,0.005669886,0.005720826,0.005772142,0.005822388,0.005859433,0.005896959,0.005919177,0.005918549,0.005917918,0.005907891,0.00590099,0.00589774,0.005894519,0.005920687,0.005964844,0.006008875,0.006062238,0.006113114,0.006164263,0.006217158,0.006248389,0.006276657,0.006305086,0.006320848,0.006334799,0.006348748,0.006364741,0.006396533,0.006428299,0.006463573,0.006530337,0.006598488,0.006667245,0.00673689,0.006796739,0.006857466,0.006901499,0.006914148,0.006926854,0.006935847,0.006939651,0.006949226,0.006958738,0.006983681,0.007024773,0.0070656,0.007108901,0.00715547,0.007201842,0.007248078,0.007289151,0.007328642,0.00736798,0.007419491,0.007474633,0.007529871,0.007585487,0.007628402,0.007671498,0.007714706,0.007743443,0.007769935,0.007796506,0.007815932,0.007832905,0.007849873,0.007868176,0.007897969,0.007927739,0.007957485,0.007999018,0.008041444,0.008083937,0.008130387,0.008176015,0.008221889,0.008267253,0.008300867,0.008334706,0.008368773,0.008390837,0.008410922,0.008431115,0.00845289,0.008476121,0.008499485,0.008522469,0.008537415,0.00855246,0.008567605,0.00857225,0.008575266,0.008578296,0.008577929,0.008577316,0.008576702,0.008574591,0.008575226,0.008575859,0.00857649,0.008587908,0.008601775,0.008615619,0.008644941,0.00868587,0.008727178,0.008766699,0.008769491,0.008772519,0.008775593,0.008734414,0.008682303,0.008629878,0.008572686,0.008512195,0.008451911,0.008394534,0.008376736,0.008358236,0.008339837,0.008340771,0.008348721,0.008356623,0.008373672,0.008402935,0.008432121,0.00846211,0.008494102,0.008526596,0.008559133,0.008584283,0.008607182,0.008630173,0.008644192,0.008645308,0.008646426,0.008647276,0.008645099,0.008643017,0.008640931,0.00865046,0.008664691,0.008679,0.008695458,0.008716697,0.008738131,0.008758777,0.00875031,0.008742417,0.008734467,0.008712109,0.008682297,0.008652458,0.008629656,0.008614364,0.008599119,0.008584569,0.008599769,0.008613508,0.008627217,0.008649271,0.008677015,0.008704837,0.008723934,0.00873631,0.008748778,0.008760576,0.008735657,0.008713312,0.008690765,0.008670637,0.008651355,0.008631887,0.008612654,0.008584856,0.008556664,0.008529018,0.008493621,0.008452502,0.008411686,0.008396176,0.00838373,0.008371436,0.008373286,0.008407217,0.008440979,0.008474003,0.008500793,0.008532342,0.008563914,0.008580529,0.008594343,0.008608187,0.008619194,0.008627874,0.008636878,0.008645691,0.008662699,0.0086823,0.008702047,0.008744859,0.008816399,0.008889726,0.00894671,0.009002269,0.009062977,0.00912391,0.00906716,0.009006109,0.0089435,0.008837377,0.00867922,0.008521454,0.008401161,0.008316216,0.008227314,0.008141445,0.008111138,0.00807878,0.008046605,0.008019289,0.007991808,0.00796446,0.007939064,0.00791224,0.007884642,0.007857533,0.007859523,0.007863326,0.007867133,0.007883225,0.00793974,0.007997659,0.008012166,0.008025739,0.008050007,0.008061684,0.007910977,0.007762736,0.007607618,0.007408304,0.007153248,0.006892691,0.006682247,0.006488569,0.006284224,0.006090974,0.005923327,0.005737291,0.005554325,0.005425922,0.005273104,0.005125035,0.00502207,0.004955774,0.004885245,0.004821254,0.004802848,0.004785771,0.004769014,0.004761348,0.0047687,0.004776084,0.004782819,0.004801962,0.004824252,0.004841963,0.00486108,0.004890589,0.004920131,0.004939954,0.004988097,0.005037548,0.005087978,0.005230707,0.005397198,0.005531256,0.005663165,0.005870486,0.006107641,0.006063642,0.005933124,0.005792029,0.005641917,0.005205018,0.004755229,0.004479164,0.004410213,0.004261922,0.004128555,0.004227425,0.004329231,0.004424346,0.004485955,0.004591247,0.004707205,0.004784542,0.004843381,0.004923286,0.00500005,0.005025368,0.005076329,0.00512801,0.005154855,0.005190501,0.005231785,0.005256935,0.005268318,0.005286854,0.005304325,0.005306578,0.005307603,0.005308643,0.005322772,0.005329207,0.005333014,0.005345985,0.005364339,0.005380946,0.005397708,0.005397708
0.002553452,0.002619791,0.00268147,0.002779969,0.002861298,0.002939847,0.003063181,0.003113821,0.003163558,0.003226412,0.00326342,0.003298796,0.00333268,0.003379655,0.003429965,0.003479666,0.003542892,0.003597552,0.003652013,0.003716882,0.003770674,0.003824065,0.003878559,0.003952963,0.00402176,0.004091573,0.004164912,0.00421433,0.004264474,0.004296248,0.004311299,0.004326627,0.004338153,0.004328894,0.004357063,0.004384304,0.00440791,0.004474576,0.004539218,0.004604953,0.0046695,0.004732248,0.004793623,0.00485372,0.004912432,0.004969575,0.005033806,0.005108155,0.005180911,0.005261182,0.005332218,0.005401513,0.005470094,0.005544791,0.005605723,0.005666299,0.005724852,0.0057636,0.005802109,0.005842985,0.005887383,0.005931525,0.005975553,0.006028758,0.006077133,0.006125625,0.00617322,0.006207802,0.006242468,0.006273156,0.00629507,0.006317122,0.006339124,0.006358452,0.006385839,0.006413055,0.006442508,0.006481473,0.006520248,0.006568594,0.006640154,0.006711437,0.006783245,0.006854709,0.006909049,0.006964095,0.007001937,0.007012393,0.007022893,0.007021422,0.007028549,0.007040568,0.007052478,0.007099446,0.007169689,0.007239732,0.007320912,0.007397435,0.007474366,0.007553609,0.007605493,0.007653674,0.007702132,0.007737245,0.007771978,0.007806707,0.007842914,0.007895567,0.007948177,0.008005414,0.008092342,0.0081795,0.008267432,0.008356587,0.008432353,0.008509232,0.008565722,0.008584039,0.00860244,0.008616071,0.008626935,0.008646062,0.008665065,0.008704888,0.008767427,0.008829562,0.00889493,0.008965685,0.009036139,0.009106372,0.009171779,0.009235232,0.009298439,0.009376457,0.009458581,0.009540847,0.009623723,0.009690575,0.009757711,0.009825039,0.009874992,0.009922324,0.009969797,0.010007389,0.010041125,0.010074851,0.010109461,0.010154009,0.010198522,0.010242999,0.010298675,0.010354491,0.010410393,0.010471695,0.010532294,0.010593219,0.010653748,0.01070068,0.010747928,0.010795494,0.010828978,0.010860308,0.010891805,0.010925946,0.010962714,0.010999692,0.011036928,0.01106926,0.011101807,0.011134571,0.011149933,0.011162085,0.011174294,0.011177719,0.01117521,0.011172698,0.011167095,0.011154996,0.01114293,0.011130899,0.011129168,0.011129473,0.011129777,0.011152847,0.011194247,0.011236032,0.011276702,0.011280539,0.011284625,0.011288771,0.011237251,0.01117207,0.011106497,0.011024168,0.010923495,0.010823166,0.010724024,0.010641766,0.010559291,0.010477259,0.010403393,0.010333126,0.010263286,0.010201271,0.010148192,0.010095253,0.010044657,0.010018126,0.009992021,0.009965882,0.009950271,0.009939655,0.009928997,0.009913454,0.00989115,0.009868771,0.00984633,0.009828113,0.009809844,0.009791531,0.009790979,0.009797424,0.009803905,0.009812348,0.009825385,0.009838541,0.009850867,0.00983602,0.009821823,0.009807525,0.009777735,0.009739734,0.009701697,0.009669339,0.0096402,0.00961115,0.009582916,0.009588675,0.009593088,0.009597491,0.009610627,0.009629279,0.009647983,0.009659605,0.009668059,0.009676577,0.009684541,0.009665815,0.009649875,0.009633791,0.00961265,0.009589526,0.009566178,0.009532025,0.009472365,0.009412413,0.009352601,0.009260426,0.009162166,0.009064627,0.008989899,0.008915093,0.008841202,0.008785944,0.008768738,0.008751436,0.008733836,0.008722664,0.008717314,0.008711959,0.008698723,0.008686553,0.008674356,0.008660859,0.008647339,0.008633978,0.008620452,0.008619725,0.008621963,0.008624218,0.008651363,0.008710496,0.008771106,0.008814271,0.008857918,0.00890719,0.008956345,0.008891329,0.008821821,0.00875054,0.008650006,0.008496039,0.008342452,0.008227826,0.008143461,0.008052909,0.007964279,0.007908514,0.007851416,0.007794641,0.007721157,0.00764261,0.007564446,0.007479929,0.007383231,0.007286878,0.007190194,0.007103932,0.007020182,0.006936325,0.006868419,0.006839453,0.006809768,0.006748217,0.006699511,0.006659709,0.00660818,0.006439281,0.006273827,0.006100698,0.005899236,0.005650524,0.005396448,0.005179858,0.004966007,0.004739364,0.00452092,0.004319912,0.00410021,0.003884133,0.003711658,0.003514662,0.003323788,0.003168312,0.003040135,0.002910337,0.002788165,0.002702741,0.002621519,0.002541815,0.002478293,0.002433971,0.002390361,0.002350763,0.002324069,0.002300691,0.002276874,0.002262541,0.002258375,0.002254203,0.002245642,0.002258495,0.002272024,0.002279699,0.002340973,0.002423393,0.002480835,0.002518468,0.002633335,0.002764731,0.002724037,0.002645971,0.002561765,0.002516667,0.002300611,0.002040933,0.001902853,0.001919367,0.001820682,0.001731928,0.001797531,0.001850682,0.001899945,0.001915376,0.001962873,0.002027758,0.002063708,0.002077145,0.002117042,0.002155069,0.002158792,0.002188265,0.002218498,0.002234513,0.002257694,0.002285997,0.002306714,0.002322915,0.002347429,0.002370946,0.002381621,0.002393409,0.002405363,0.002424996,0.002440018,0.002453079,0.002471134,0.002491383,0.002508689,0.002526628,0.002526628
0.005239207,0.005384573,0.005519357,0.005731662,0.005910439,0.006083106,0.006335517,0.006462642,0.006587497,0.006735164,0.006836316,0.006933862,0.007028172,0.007154247,0.007287996,0.007420125,0.007578028,0.007718535,0.007858528,0.008018024,0.008156257,0.008293798,0.008433453,0.008615468,0.00878663,0.008960319,0.009135381,0.00925838,0.009383189,0.009466409,0.009487964,0.009509834,0.009525048,0.009519133,0.009597788,0.009673849,0.009748215,0.009907856,0.01006265,0.010218904,0.010376567,0.01052998,0.01067999,0.010814183,0.010938345,0.011059188,0.011201387,0.01137965,0.011554095,0.011743922,0.011929308,0.012110983,0.012290624,0.012479511,0.012638926,0.012797408,0.012939385,0.013015906,0.013091953,0.013173662,0.013264218,0.013354235,0.01344402,0.013565589,0.013684626,0.013803949,0.01392414,0.014028559,0.014133233,0.014229763,0.014306583,0.014383561,0.01446036,0.014533937,0.014626232,0.014717954,0.014810374,0.014907787,0.015004723,0.01512298,0.015289214,0.015454601,0.015621205,0.015799351,0.015950126,0.016102861,0.016207364,0.016228986,0.0162507,0.016246209,0.016264177,0.01629315,0.016321858,0.016442016,0.01661949,0.016796461,0.017001137,0.017203728,0.017407401,0.017615743,0.017766019,0.01790892,0.018052642,0.018164903,0.018276132,0.018387346,0.018502485,0.018652415,0.018802222,0.018962921,0.019192458,0.019422607,0.019654802,0.01986999,0.020038961,0.020210414,0.020332703,0.020364336,0.020396113,0.020416818,0.020431753,0.020465462,0.02049895,0.020592983,0.020748039,0.020902093,0.021063319,0.021234382,0.02140472,0.021574519,0.021726706,0.021873648,0.02202002,0.02219423,0.022371459,0.022548996,0.022728058,0.022872552,0.02301766,0.023163165,0.02327184,0.02337551,0.023479491,0.023561442,0.023635227,0.023708986,0.023785141,0.023885137,0.023985053,0.024084891,0.024207476,0.024329593,0.024451901,0.024588865,0.024726409,0.024864691,0.025001721,0.025105423,0.025209822,0.025314924,0.025368056,0.025411118,0.025454409,0.025510885,0.025581999,0.025653521,0.025725963,0.025789883,0.025854229,0.025919005,0.025958653,0.025995344,0.026032207,0.026050634,0.026058028,0.026065429,0.026065913,0.02605526,0.026044638,0.026034046,0.02605652,0.026086702,0.026116833,0.026207446,0.026350471,0.026494823,0.026639192,0.026714777,0.026791811,0.02686998,0.026820438,0.026740177,0.026659432,0.026533023,0.026357307,0.026182192,0.026008618,0.025866121,0.025723303,0.025581254,0.025444409,0.025311143,0.025178685,0.025070455,0.024992183,0.024914119,0.024841726,0.024825589,0.024810029,0.024794449,0.024798754,0.024811416,0.024824128,0.024827506,0.024818595,0.024809654,0.024800535,0.024797118,0.024793538,0.024789949,0.0248297,0.024886532,0.024943679,0.025005748,0.025077408,0.025149725,0.025220202,0.025217945,0.0252173,0.02521665,0.025169103,0.025098087,0.025027004,0.024968034,0.024918807,0.02486973,0.024822329,0.024846389,0.024867182,0.024887929,0.024935219,0.024998948,0.025062857,0.025120045,0.025184106,0.025248649,0.025312219,0.025310262,0.02531298,0.025315721,0.025307751,0.025296743,0.025285629,0.025246447,0.025145443,0.025044151,0.024943404,0.024758617,0.024560566,0.024363969,0.024228266,0.024098461,0.023970246,0.023886652,0.02389843,0.023909871,0.023920166,0.023940283,0.023971606,0.024002952,0.024009003,0.024014357,0.024019723,0.024019631,0.024015601,0.024012051,0.024008161,0.024038228,0.02407445,0.024110942,0.024217091,0.02440651,0.024600661,0.024749877,0.024893457,0.025050363,0.025208392,0.025066236,0.02491004,0.024749859,0.024500812,0.024110013,0.023720183,0.023435281,0.023248711,0.023050408,0.022856756,0.022754393,0.022652659,0.0225515,0.022397478,0.02222783,0.022059008,0.02186555,0.021629943,0.021395998,0.021161396,0.020966732,0.020780666,0.020594362,0.020444999,0.020390643,0.020334938,0.020206518,0.020119216,0.020048428,0.019953224,0.019584959,0.019215393,0.018828681,0.01830889,0.017647891,0.016972637,0.016353526,0.015696998,0.015016469,0.01435716,0.013729732,0.013067749,0.012416689,0.011865569,0.011274412,0.010701625,0.01021355,0.009798231,0.009385687,0.009003916,0.008774881,0.008557483,0.008344149,0.00816122,0.008015958,0.007872743,0.007741051,0.007642402,0.007550476,0.007461634,0.007414233,0.007381834,0.007349397,0.007328021,0.007359387,0.007392207,0.007426211,0.00761128,0.007839953,0.008012604,0.008175801,0.008501774,0.008874654,0.008806074,0.008614502,0.008407621,0.008241235,0.007598511,0.006887203,0.006474479,0.006420505,0.006154832,0.005915894,0.006063726,0.006203834,0.006334273,0.006394705,0.006535301,0.006707454,0.006810149,0.006870111,0.006983029,0.007091743,0.007133709,0.007220727,0.007309066,0.007372477,0.007457452,0.007553537,0.007630074,0.007692894,0.007768654,0.007843489,0.007896335,0.007953603,0.008011641,0.008069479,0.008112444,0.008152565,0.008204515,0.008259811,0.00830742,0.008357349,0.008357349
0.004431737,0.004572619,0.004702917,0.004905372,0.005082932,0.005254422,0.005486926,0.005608887,0.005728672,0.00586507,0.0059699,0.006071534,0.006169951,0.006292625,0.00642028,0.006546388,0.006694989,0.006831071,0.006966655,0.007118206,0.00725137,0.007383985,0.00751826,0.007687297,0.007846318,0.008007686,0.008174309,0.008307335,0.008442318,0.008541442,0.008592531,0.008643644,0.008689211,0.008706894,0.008790942,0.008872219,0.008959581,0.009130463,0.009296157,0.009462705,0.009628997,0.009790803,0.009948817,0.010101981,0.010252245,0.010398493,0.010558624,0.010736998,0.010911553,0.011099445,0.011285251,0.011467527,0.011647693,0.011838451,0.012004486,0.012169549,0.01232836,0.012451429,0.012573737,0.012701152,0.012837532,0.012973294,0.013108706,0.013260746,0.013403371,0.013546338,0.013685862,0.013802467,0.013919356,0.014027888,0.014114926,0.014202037,0.014288945,0.014371219,0.014468641,0.014565457,0.014669627,0.014794618,0.014918997,0.015064162,0.01526421,0.015464193,0.015665649,0.015862261,0.01602491,0.016189674,0.016312504,0.016374953,0.016437666,0.016475618,0.016519602,0.016572586,0.016625087,0.016761931,0.016947109,0.017131761,0.017341854,0.017546597,0.017752433,0.017962383,0.018112868,0.018256179,0.018400313,0.018510392,0.018618078,0.018725749,0.018838373,0.01898594,0.019133386,0.01929199,0.019526107,0.01976145,0.019998886,0.020233505,0.020436486,0.020642447,0.02079859,0.020864028,0.020929764,0.020984615,0.021025666,0.021083481,0.021140918,0.021248483,0.021405682,0.021561865,0.021724984,0.021895489,0.022065271,0.022234521,0.022389532,0.022540232,0.022690347,0.022878274,0.023078237,0.023278548,0.023479596,0.023644079,0.023809261,0.023974917,0.024104409,0.024229418,0.0243548,0.024457779,0.024552332,0.024646853,0.024742921,0.024857814,0.024972616,0.025087328,0.025231251,0.02537592,0.025520816,0.02567953,0.025837515,0.025996348,0.026154135,0.026279249,0.026405204,0.026532009,0.026622241,0.026706721,0.026791652,0.026884244,0.026984666,0.027085662,0.027187532,0.027278552,0.027370177,0.027462413,0.027520513,0.027573397,0.027626528,0.02766199,0.027688164,0.027714362,0.027733138,0.027740724,0.027748289,0.027755832,0.027796309,0.027844463,0.027892535,0.027999272,0.028153177,0.02830851,0.028463604,0.028532464,0.028602574,0.028673716,0.028597431,0.02848417,0.028370227,0.028207845,0.027995838,0.027784556,0.027574204,0.027392232,0.027210624,0.027029994,0.026857776,0.026690132,0.026523504,0.026383044,0.026275766,0.026168773,0.02606829,0.026034482,0.026000984,0.025967442,0.025964481,0.025973231,0.025982016,0.025981702,0.025968773,0.0259558,0.025942717,0.025937982,0.025933106,0.025928219,0.02596625,0.026021512,0.026077082,0.026136881,0.02620411,0.026271956,0.026337897,0.026328766,0.026320585,0.026312345,0.026260779,0.026188034,0.02611522,0.026058759,0.02602195,0.025985253,0.025950342,0.025997264,0.026042163,0.026086962,0.026161089,0.02625234,0.026343846,0.026420445,0.026482969,0.026545964,0.026607884,0.02659769,0.026591132,0.026584515,0.026562419,0.026534331,0.026505971,0.02644652,0.026318714,0.026190494,0.026062653,0.02584535,0.025618083,0.025392485,0.025223348,0.025063077,0.024904767,0.024795723,0.024791656,0.024787419,0.024782311,0.024798629,0.024824466,0.024850321,0.024851698,0.024849333,0.024846963,0.024842484,0.024839315,0.02483646,0.02483312,0.024859196,0.024891772,0.02492459,0.025027102,0.025207776,0.025392965,0.025532376,0.025656563,0.025791126,0.025925516,0.025738677,0.025533238,0.025322558,0.025017588,0.02457966,0.024142817,0.02380988,0.023587519,0.023357847,0.023132948,0.022997365,0.022863516,0.022730421,0.022545762,0.022345979,0.02214717,0.021924115,0.021657685,0.021392487,0.021126043,0.020887957,0.020657586,0.020426921,0.020233619,0.020126432,0.020016582,0.01983671,0.019685053,0.019540535,0.019366964,0.018905896,0.018434476,0.017941184,0.017353245,0.016643431,0.015918308,0.015265379,0.014617519,0.013953183,0.013310242,0.012713409,0.012090231,0.011477335,0.010932978,0.010358719,0.009802303,0.009325148,0.008922956,0.008527258,0.008154883,0.007892819,0.007641898,0.007395668,0.007208214,0.007057851,0.00690952,0.006788268,0.006708861,0.006633645,0.00656069,0.006521865,0.00649504,0.006468184,0.006453667,0.006477813,0.006502955,0.006535925,0.006699397,0.006896385,0.007045754,0.007184645,0.007444963,0.007742741,0.007657693,0.007457003,0.00723984,0.007049769,0.006478659,0.005866046,0.005504729,0.005455246,0.005254979,0.005074864,0.005221358,0.005366174,0.005501427,0.005576717,0.005713269,0.005871859,0.005973178,0.006039796,0.00614329,0.006243067,0.0062842,0.00636257,0.006442038,0.006505688,0.006585023,0.006670993,0.006740673,0.006798673,0.006866033,0.006932597,0.006979863,0.007030474,0.007081755,0.007141624,0.007190629,0.007237198,0.007295727,0.00736069,0.007422893,0.007485743,0.007485743
0.001418191,0.001454479,0.001488087,0.001543627,0.001590909,0.001636574,0.001705241,0.001737794,0.001769765,0.001808295,0.001834435,0.001859619,0.001883959,0.001913974,0.001944525,0.001974705,0.002011502,0.002042915,0.002074212,0.002111004,0.002141733,0.00217225,0.00220334,0.002245942,0.002285736,0.002326117,0.002366882,0.002391754,0.002416992,0.002431753,0.002430278,0.002428949,0.002425779,0.002416126,0.00242908,0.002441607,0.002452385,0.002485186,0.002516991,0.002549585,0.002580699,0.002610914,0.00264049,0.002670856,0.002701215,0.002730763,0.002763149,0.002798963,0.00283401,0.002873208,0.002909457,0.00294485,0.002979874,0.00301783,0.003048463,0.003078917,0.003108653,0.003128193,0.003147612,0.003168333,0.003190722,0.003212967,0.003235155,0.003262066,0.003286376,0.003310745,0.003334501,0.003351702,0.003368945,0.003384185,0.003393357,0.003402525,0.003411671,0.003419464,0.003431206,0.003442876,0.003455753,0.003473336,0.003490833,0.003513431,0.003549108,0.003584668,0.00362049,0.003656832,0.003684822,0.003713176,0.00373184,0.003735567,0.003739311,0.003736757,0.003736844,0.003739381,0.003741895,0.003762457,0.003794833,0.003827116,0.003866323,0.003905646,0.003945179,0.003986038,0.004009712,0.004031062,0.004052534,0.004066135,0.004078949,0.00409176,0.004105527,0.004128713,0.00415188,0.004177382,0.004220276,0.00426361,0.00430733,0.004351646,0.004388856,0.004426612,0.004453864,0.004460955,0.004468078,0.00447272,0.004474808,0.004481025,0.004487201,0.004502593,0.004528297,0.004553835,0.004580885,0.004609396,0.004637786,0.004666095,0.004691091,0.004715027,0.00473887,0.004770995,0.004806041,0.004841147,0.004876727,0.004905154,0.004933703,0.004962325,0.004982955,0.005002452,0.005022007,0.00503672,0.005049522,0.005062319,0.005075473,0.005093121,0.005110754,0.005128374,0.005154665,0.005181725,0.005208827,0.005237626,0.005264905,0.005292331,0.005319497,0.005339465,0.005359568,0.005379807,0.005392411,0.005403756,0.005415161,0.00542724,0.005439848,0.005452528,0.005465314,0.005475699,0.005486153,0.005496678,0.005499834,0.005501753,0.005503682,0.005503038,0.005501722,0.005500404,0.005498072,0.005496577,0.005495086,0.0054936,0.005500669,0.005509694,0.005518704,0.005540691,0.005574123,0.005607866,0.005641192,0.005657112,0.005673368,0.005689864,0.005677083,0.005657181,0.005637159,0.005607491,0.005566896,0.00552644,0.005486455,0.005454462,0.005422368,0.005390447,0.005361576,0.005334022,0.005306636,0.005284915,0.005270244,0.005255612,0.005242188,0.005241018,0.005239987,0.005238953,0.005241692,0.005246116,0.005250557,0.00525279,0.005251997,0.005251201,0.005250388,0.005251071,0.005251694,0.005252317,0.005261,0.005272988,0.005285042,0.005297785,0.00531262,0.005327592,0.005342111,0.005339562,0.005337473,0.005335369,0.005325089,0.005310314,0.005295525,0.005285994,0.00528179,0.005277599,0.005273874,0.00529051,0.005306007,0.005321468,0.005342843,0.005367816,0.005392858,0.005413599,0.005432339,0.005451219,0.005469849,0.005470674,0.00547309,0.005475528,0.005474656,0.005472899,0.005471124,0.005463706,0.005442648,0.005421475,0.005400466,0.005363545,0.005323364,0.005283478,0.005256989,0.005230719,0.005204771,0.005189092,0.005195072,0.005200945,0.005206522,0.005213496,0.005223661,0.005233834,0.005237845,0.005241507,0.005245176,0.005247863,0.005250583,0.005253505,0.005256325,0.005265149,0.005275568,0.005286065,0.005311022,0.005355045,0.005400169,0.005432255,0.005460616,0.005492557,0.005524395,0.005482898,0.00543835,0.005392665,0.005334808,0.005245198,0.005155809,0.005095775,0.00506342,0.005027146,0.004992113,0.004982311,0.004971856,0.00496146,0.004939403,0.004914671,0.00489006,0.004860003,0.00482111,0.004782668,0.004743951,0.004713371,0.004684555,0.004655702,0.00463242,0.004631866,0.004631298,0.004610993,0.004597878,0.004589891,0.004575339,0.004485621,0.004397996,0.004306305,0.004194753,0.004052044,0.003906256,0.003778318,0.003644472,0.003503612,0.003368454,0.003244785,0.003111052,0.002979526,0.002869898,0.002745881,0.002625717,0.002527216,0.002446378,0.002365015,0.002288915,0.00224098,0.002196406,0.002152665,0.002116965,0.002091429,0.002066286,0.002044799,0.002032379,0.002021503,0.002010148,0.002005547,0.002006708,0.00200787,0.002006872,0.00202041,0.002034453,0.002045984,0.002099172,0.002165928,0.002214851,0.00225476,0.002344758,0.002447706,0.002411576,0.002340729,0.002264191,0.002204266,0.002012682,0.00179894,0.001679131,0.001681603,0.001615639,0.001556314,0.001615812,0.001667627,0.001715838,0.001742056,0.001791109,0.001849894,0.001885924,0.001905143,0.00194166,0.00197669,0.001985969,0.002010312,0.002035096,0.002049764,0.002070034,0.002093824,0.002111846,0.002125915,0.002144282,0.002162004,0.002170644,0.002180033,0.002189553,0.002204605,0.002216737,0.002227945,0.002241208,0.002254242,0.002265349,0.002277106,0.002277106
0.001819843,0.001866624,0.001909876,0.001973304,0.002022269,0.002069559,0.002160307,0.002186594,0.002212412,0.002252728,0.002273888,0.002293841,0.002312518,0.002337981,0.002365904,0.002393489,0.002435214,0.002469148,0.002502958,0.002546661,0.002579517,0.002611962,0.00264551,0.002692258,0.002733126,0.002774598,0.00282275,0.002853883,0.002885473,0.002903882,0.002906466,0.002909259,0.002908219,0.00288951,0.002903154,0.002916349,0.002922468,0.002963883,0.00300404,0.003045031,0.003081306,0.003116467,0.003151038,0.00318586,0.00321867,0.003250602,0.003285501,0.003324068,0.00336181,0.003405959,0.003445607,0.003484181,0.003522436,0.003564807,0.003595781,0.003626574,0.003658967,0.003676955,0.003694831,0.003713796,0.003733308,0.00375265,0.003771943,0.003796203,0.003816005,0.003835855,0.003856259,0.003867852,0.003879473,0.003888854,0.00389208,0.003895347,0.003898608,0.00389874,0.003904032,0.00390929,0.003914741,0.003926626,0.003938453,0.003956223,0.003989037,0.004021655,0.004054513,0.004091679,0.00411809,0.004144845,0.004162317,0.004162406,0.004162496,0.004154374,0.004151041,0.004151021,0.004151001,0.004167581,0.004198815,0.004229959,0.004268813,0.004303358,0.004338088,0.004375088,0.00439813,0.004418589,0.004439164,0.004451024,0.004461921,0.004472817,0.004483739,0.004505772,0.004527787,0.004552354,0.004593919,0.004635668,0.004677789,0.004723013,0.004759616,0.004796755,0.004823068,0.004826989,0.004830928,0.00483186,0.004828348,0.004830163,0.004831967,0.004843521,0.00486819,0.004892699,0.004918577,0.004945138,0.004971587,0.004997966,0.005021937,0.005044609,0.005067193,0.005098868,0.005133932,0.005169057,0.005205382,0.005235034,0.005264812,0.005294666,0.005316133,0.005336245,0.005356418,0.005370805,0.00538277,0.00539473,0.00540685,0.005423567,0.00544027,0.00545696,0.005480498,0.005504289,0.005528117,0.005554782,0.005580803,0.005606963,0.005632875,0.005650723,0.00566869,0.005686779,0.00569578,0.005703157,0.005710574,0.005719998,0.00573156,0.005743189,0.00575478,0.005762824,0.005770921,0.005779073,0.005780022,0.005779832,0.005779641,0.005775407,0.005768598,0.005761782,0.005754281,0.005749384,0.005744501,0.005739632,0.005747005,0.005757054,0.005767086,0.005792822,0.005833506,0.005874567,0.005915059,0.005941953,0.005969436,0.005997324,0.005994888,0.005985569,0.005976193,0.005955424,0.005919827,0.005884351,0.005849546,0.005823529,0.005797165,0.005770943,0.005747791,0.005725954,0.005704249,0.005687984,0.005678164,0.005668369,0.005659736,0.00566273,0.005666005,0.005669284,0.005674594,0.005681337,0.005688107,0.005691571,0.005690726,0.005689879,0.005688899,0.005686829,0.005684731,0.005682628,0.005689001,0.005698846,0.005708746,0.005719009,0.005732218,0.005745547,0.00575828,0.005751051,0.005744749,0.005738401,0.005723163,0.005702169,0.005681156,0.005668404,0.005661522,0.005654661,0.005648426,0.005667266,0.005683823,0.005700342,0.005723917,0.005752084,0.00578033,0.005803886,0.005828586,0.005853472,0.005878074,0.00588319,0.005891527,0.005899939,0.005903612,0.005906379,0.005909173,0.005905407,0.005887163,0.005868874,0.005850849,0.00581758,0.005778918,0.00574054,0.005718954,0.005694298,0.005669944,0.005656626,0.005666267,0.00567573,0.005684795,0.00569349,0.005707027,0.005720574,0.005725688,0.005731705,0.005737734,0.005741757,0.005744602,0.005747751,0.005750769,0.005760275,0.005772289,0.005784393,0.005810866,0.005862094,0.005914601,0.005947661,0.005978282,0.006015385,0.006052121,0.005999988,0.005946043,0.005890722,0.005834566,0.005735865,0.005637409,0.005582841,0.005563226,0.005534944,0.005508419,0.00551884,0.005527313,0.005535739,0.005526811,0.005517564,0.005508363,0.005492384,0.005466243,0.005440765,0.005414784,0.005397675,0.005383794,0.005369894,0.005363444,0.005390058,0.005417332,0.005417854,0.005430362,0.005453915,0.005470424,0.005392264,0.00532243,0.005249356,0.005146189,0.00499773,0.00484607,0.004724389,0.004596986,0.004457443,0.00432485,0.004200598,0.004058064,0.003917882,0.003802438,0.003659899,0.003521789,0.003409826,0.003316548,0.003221131,0.003130518,0.003067782,0.003010396,0.002954082,0.002901113,0.002863748,0.002826993,0.002792385,0.002769597,0.002750107,0.002729858,0.002718221,0.002714395,0.002710565,0.002702653,0.002716449,0.002730915,0.002741603,0.002812511,0.002904481,0.002968236,0.003010239,0.00313207,0.003271432,0.003202896,0.00309431,0.002977282,0.002895048,0.002624999,0.002313776,0.002147263,0.00217356,0.002075662,0.001987615,0.002079699,0.002154326,0.002223599,0.002255728,0.002321646,0.002404855,0.002453341,0.002473864,0.002524034,0.002571962,0.00257905,0.002610235,0.002642122,0.00265943,0.002684613,0.002715007,0.002737346,0.002754203,0.002777638,0.00280034,0.002812181,0.002827434,0.00284293,0.002860649,0.002872885,0.002883683,0.0028994,0.002916502,0.0029297,0.002944317,0.002944317
0.003155642,0.003243874,0.00332649,0.003460696,0.003574296,0.003684013,0.003844305,0.003901566,0.003957805,0.004032223,0.004066746,0.004099252,0.004130601,0.004180652,0.004234311,0.00428732,0.004362362,0.004426373,0.004490151,0.004563937,0.004627677,0.004691056,0.004756891,0.004857221,0.004950741,0.005045641,0.005143815,0.005214298,0.005285818,0.005331679,0.00534224,0.005353045,0.005359021,0.005342491,0.005375451,0.005407324,0.005434566,0.005518885,0.005600644,0.00568344,0.00575423,0.005822808,0.005889985,0.005951511,0.006008548,0.006064059,0.00612549,0.006194317,0.00626167,0.006338341,0.006400188,0.006460141,0.006519549,0.006587186,0.006638427,0.006689368,0.00674248,0.006779727,0.006816743,0.006856594,0.00689672,0.006936428,0.006976034,0.007027509,0.007073547,0.007119697,0.007165028,0.007194261,0.007223564,0.007248292,0.007261018,0.007273833,0.007286619,0.007298074,0.007319972,0.007341733,0.007362285,0.007384829,0.007407263,0.00744065,0.007500312,0.007559503,0.00761913,0.007680807,0.0077238,0.007767351,0.00779182,0.007783673,0.007775491,0.007753319,0.007749783,0.007752734,0.007755659,0.007794016,0.007857844,0.007921491,0.007998631,0.008071907,0.008145574,0.008222441,0.008274474,0.008322515,0.008370832,0.008405408,0.008439564,0.008473716,0.008508065,0.0085594,0.008610693,0.008666947,0.008753433,0.008839931,0.008927197,0.009016094,0.009088646,0.009162264,0.009214527,0.009226495,0.009238517,0.009245221,0.009245754,0.00925533,0.009264844,0.00929459,0.009348044,0.009401152,0.009456449,0.009512151,0.009567617,0.009622929,0.00966758,0.009709058,0.009750376,0.009809393,0.00987485,0.00994042,0.010006667,0.010055567,0.010104674,0.010153894,0.010196377,0.010238324,0.010280397,0.010312231,0.010340129,0.010368017,0.010396824,0.010436405,0.010475955,0.010515474,0.010565872,0.010616204,0.010666613,0.010722753,0.010778247,0.010834039,0.010889368,0.010930189,0.010971285,0.011012659,0.011038986,0.011062909,0.011086959,0.011115048,0.011147448,0.011180033,0.011213224,0.01124429,0.011275562,0.011307044,0.011322477,0.011335104,0.01134779,0.011354183,0.011357991,0.011361804,0.011362682,0.011357454,0.011352241,0.011347043,0.011361274,0.011380064,0.011398821,0.01144528,0.011516469,0.011588318,0.011660279,0.011707634,0.011755898,0.011804873,0.011797881,0.011777779,0.011757556,0.011716705,0.011651849,0.011587216,0.011523215,0.01147213,0.011420781,0.011369709,0.011322388,0.011277263,0.011232411,0.011196817,0.011171972,0.011147192,0.011124736,0.011124722,0.01112511,0.011125498,0.01113066,0.011138286,0.011145944,0.011148308,0.011143756,0.011139189,0.011134407,0.011128776,0.01112307,0.011117351,0.01113218,0.011155288,0.011178524,0.011203174,0.011232044,0.011261179,0.011289467,0.011286171,0.011283836,0.011281485,0.011259774,0.011227345,0.011194887,0.011171993,0.011157622,0.011143295,0.011129842,0.011151495,0.011169999,0.011188462,0.01122101,0.011262232,0.01130357,0.011339099,0.011376155,0.01141349,0.011450425,0.011458985,0.011471143,0.011483409,0.011489093,0.011493683,0.011498318,0.011488523,0.011447167,0.011405686,0.011364571,0.011290236,0.011208677,0.011127717,0.011074822,0.011021378,0.010968589,0.010936727,0.010947121,0.010957074,0.010966406,0.010978636,0.010998103,0.011017585,0.011026029,0.011035097,0.011044185,0.011050078,0.011053305,0.011056837,0.011060145,0.011076985,0.011098175,0.011119523,0.011170742,0.011262034,0.011355607,0.01142381,0.011492869,0.011570956,0.011649136,0.011569758,0.011483833,0.011395715,0.011291616,0.011119077,0.010946966,0.010840839,0.010794078,0.01073725,0.010682753,0.010679816,0.010676047,0.0106723,0.010640095,0.010604276,0.010568632,0.010521758,0.010456869,0.010392917,0.010328267,0.010282904,0.010243475,0.010203997,0.010183279,0.010215671,0.010248868,0.010245425,0.01026694,0.010301555,0.010325287,0.010193952,0.010067888,0.009935974,0.009740304,0.009470611,0.009195101,0.008969851,0.00874209,0.008499172,0.008265615,0.008024418,0.007759899,0.007499744,0.007254885,0.006970748,0.006695441,0.00646367,0.006268545,0.006073732,0.005888623,0.005756965,0.00563434,0.005514007,0.005408263,0.005326528,0.005245979,0.005175467,0.00512775,0.005083584,0.005039281,0.005014031,0.004998851,0.004983654,0.004973749,0.004997306,0.005021833,0.005047829,0.005178395,0.005339671,0.005458815,0.005556477,0.005762374,0.005997899,0.005914158,0.005744434,0.005560978,0.005405918,0.004938292,0.004426233,0.004133099,0.004122221,0.003961346,0.00381666,0.003947245,0.004067749,0.004180087,0.004238949,0.004347393,0.004476341,0.004556702,0.004605619,0.004691349,0.004773364,0.004789686,0.004838064,0.004887347,0.004922434,0.004971032,0.005025973,0.005068827,0.005104535,0.00515022,0.005195115,0.00522442,0.005256346,0.005288706,0.005321937,0.005345038,0.005365938,0.005396858,0.005433396,0.005467034,0.005500988,0.005500988
0.009123703,0.009372847,0.009602305,0.009997849,0.010356897,0.010703673,0.011084219,0.011305953,0.01152373,0.011749056,0.011898712,0.012043573,0.012184882,0.012386636,0.012598257,0.012807315,0.013045496,0.013271457,0.013496592,0.013740072,0.01395569,0.014170599,0.014386841,0.014669124,0.014940376,0.015215632,0.01547522,0.015674684,0.015877082,0.016014504,0.01605011,0.016086164,0.016118795,0.016124328,0.0162261,0.016324517,0.016464798,0.016731297,0.016989705,0.017249791,0.017500661,0.017744527,0.017982424,0.018203779,0.018420474,0.018631376,0.018869607,0.019134625,0.019393969,0.019672516,0.019938397,0.02019885,0.020456052,0.020724228,0.020958336,0.021191073,0.021397321,0.021535077,0.02167198,0.021818299,0.021989489,0.022160115,0.0223303,0.022523556,0.02270291,0.022882695,0.023049649,0.023178442,0.023307548,0.023423263,0.023502683,0.023582261,0.023661656,0.023740632,0.023843193,0.023945115,0.024066388,0.024228348,0.024389516,0.024582482,0.024861852,0.025141056,0.025422317,0.025684892,0.02590048,0.026118872,0.026266369,0.026321522,0.026376907,0.026397684,0.026424296,0.026463614,0.026502573,0.02668619,0.026940384,0.027193856,0.027484291,0.02777198,0.028061207,0.028353566,0.028559581,0.028756808,0.028955169,0.029103939,0.029251264,0.029398569,0.029555915,0.029762048,0.029968012,0.03019144,0.030518377,0.03084509,0.031174709,0.031493356,0.031766248,0.032043147,0.032241928,0.03230643,0.032371225,0.032420178,0.032456629,0.032516463,0.032575907,0.032720025,0.032940287,0.033159124,0.033390099,0.033638536,0.033885921,0.034132546,0.034356185,0.034573938,0.034790845,0.035065657,0.035359407,0.035653668,0.035947877,0.036189379,0.036431905,0.036675115,0.036861485,0.037041245,0.037221543,0.037368717,0.037503798,0.037638833,0.037777336,0.037946085,0.0381147,0.038283181,0.038488988,0.038694552,0.038900438,0.039128581,0.039357366,0.03958738,0.039816041,0.039999208,0.040183606,0.040369247,0.040511007,0.040647184,0.040784089,0.040938505,0.04111189,0.041286269,0.041463598,0.041636102,0.041809754,0.041984566,0.042113887,0.042237348,0.042361384,0.042453026,0.042523863,0.042594766,0.042652041,0.042676001,0.042699892,0.042723716,0.042794443,0.042876512,0.042958442,0.043142775,0.043415184,0.043690119,0.043971424,0.044170192,0.044371915,0.044576609,0.044583922,0.044544412,0.044504665,0.044385249,0.044189205,0.043993832,0.043796858,0.043617279,0.043438549,0.043260782,0.043071843,0.042880913,0.042691141,0.04254013,0.042437874,0.04233589,0.042243209,0.04223503,0.042226939,0.042218836,0.042242212,0.042274954,0.042307827,0.042323418,0.042311797,0.042300137,0.042288178,0.042286648,0.042285058,0.042283465,0.042348377,0.042439658,0.042531445,0.042638226,0.042768062,0.042899089,0.043027772,0.043049882,0.043072287,0.043094852,0.043042419,0.042956688,0.042870877,0.042795101,0.042734843,0.04267477,0.042617016,0.042670645,0.042723717,0.04277667,0.042880349,0.043010889,0.043141795,0.043271425,0.043407522,0.043544643,0.043681062,0.043740104,0.04380077,0.043861979,0.043902933,0.043935457,0.043968295,0.043941498,0.043783673,0.043625283,0.043467314,0.043145393,0.042815152,0.042487335,0.0422367,0.042011679,0.041789413,0.041641266,0.041656466,0.041671523,0.041685122,0.041731835,0.041786735,0.041841676,0.041867259,0.041883697,0.041900171,0.041912128,0.041921892,0.041931796,0.04194123,0.04200956,0.042085329,0.042161662,0.04237609,0.042715593,0.04306358,0.043363007,0.043651129,0.043950903,0.044255526,0.04408343,0.043878322,0.04366798,0.043292999,0.04273228,0.042172951,0.041761621,0.041539404,0.041317815,0.041101358,0.041012313,0.040930428,0.040849005,0.040675162,0.040469686,0.040265212,0.040020013,0.039703471,0.039388904,0.039071614,0.038814938,0.03857266,0.038330072,0.038206748,0.038232261,0.038258407,0.038222693,0.038287016,0.038355978,0.038394727,0.037961688,0.037496116,0.037008944,0.03626208,0.035294602,0.034306258,0.033366497,0.032354337,0.031337812,0.030344232,0.029277948,0.028197964,0.0271358,0.026116062,0.025071241,0.024058885,0.023152643,0.022361014,0.021591379,0.020862003,0.020336648,0.019829634,0.019332097,0.018949361,0.018612358,0.018279402,0.018006777,0.01781698,0.017628694,0.01745046,0.017368168,0.017291081,0.017213906,0.017203514,0.017246908,0.017291103,0.017409193,0.017828151,0.018280409,0.018673418,0.019184289,0.019792151,0.020487482,0.020442559,0.020079512,0.01968543,0.01911053,0.017713646,0.016404531,0.015508556,0.015055553,0.014629934,0.014247147,0.014439381,0.014702045,0.014948836,0.015149359,0.015455798,0.015757577,0.015973207,0.016173367,0.016375701,0.016572204,0.016703827,0.016860811,0.017018415,0.017163135,0.017333868,0.017507051,0.017664035,0.017818313,0.017975292,0.018131944,0.018254833,0.018374965,0.018496525,0.018617562,0.018717519,0.018817904,0.018931716,0.019047474,0.019163287,0.019281491,0.019281491
0.007688635,0.00790429,0.008103226,0.008445655,0.008757773,0.009059222,0.009399025,0.009597651,0.009792731,0.00999724,0.010153698,0.010305774,0.010454158,0.010655159,0.010865293,0.011072882,0.011303566,0.011515699,0.011727057,0.011955554,0.012167916,0.01237984,0.012593013,0.01286856,0.01313711,0.013409624,0.013665072,0.01385651,0.014050763,0.014187492,0.014239629,0.014292033,0.014340745,0.014358226,0.014460029,0.014558476,0.014696606,0.014959339,0.015214095,0.015469788,0.015710441,0.015944268,0.016172399,0.016383059,0.016587515,0.016786505,0.017014964,0.017278779,0.017536944,0.017812473,0.018075262,0.018332798,0.018587128,0.018855837,0.019095287,0.019333336,0.01955142,0.019716259,0.019880079,0.020052333,0.020244373,0.02043569,0.020626514,0.020833426,0.021024467,0.021215968,0.021397403,0.021547391,0.021697743,0.02183553,0.021943055,0.022050852,0.022158398,0.022254505,0.022366149,0.022477099,0.022603407,0.022760509,0.022916842,0.023103127,0.023374688,0.023646408,0.02392013,0.024177877,0.024392099,0.024609105,0.024760936,0.024829552,0.024898456,0.024934567,0.024976451,0.025030268,0.025083594,0.025273383,0.02553014,0.025786169,0.026074429,0.026351078,0.026629204,0.026910371,0.027118931,0.027320156,0.027522536,0.027678651,0.027834183,0.027989693,0.028155659,0.028371095,0.028586354,0.028818269,0.029145582,0.029472377,0.029802078,0.030121859,0.030398273,0.030678745,0.030883834,0.030957529,0.031031559,0.031090433,0.031137921,0.031207906,0.031277435,0.03142712,0.031649148,0.03186974,0.032100727,0.032343158,0.032584561,0.032825218,0.033045104,0.033259532,0.03347313,0.033739584,0.034021617,0.034304141,0.034584853,0.034805989,0.035028063,0.035250747,0.035420644,0.035584551,0.035748948,0.035878463,0.035993262,0.036108023,0.036227761,0.036385502,0.036543119,0.03670061,0.036885316,0.037067783,0.037250534,0.037460319,0.037677121,0.037895088,0.038111965,0.038286622,0.038462453,0.03863947,0.038776905,0.038909647,0.039043097,0.0391869,0.039341083,0.03949615,0.039654661,0.039813848,0.039974095,0.040135411,0.040254116,0.040367456,0.040481325,0.04056357,0.040625102,0.040686693,0.040734247,0.04074049,0.040746716,0.040752924,0.040794663,0.040844275,0.040893803,0.041034627,0.041250371,0.041468117,0.041691647,0.041838472,0.041987495,0.042138714,0.042095301,0.042004702,0.041913557,0.041740902,0.041486671,0.041233309,0.04097725,0.040716484,0.040457008,0.040198929,0.039929461,0.0396582,0.039388585,0.039153378,0.038960377,0.038767891,0.038585339,0.03850274,0.038420139,0.038337431,0.038299439,0.038276382,0.038253233,0.038219916,0.038171199,0.038122322,0.038073224,0.038038071,0.038002813,0.037967471,0.037996639,0.038051348,0.038106361,0.038178495,0.038277724,0.038377865,0.038475717,0.038477173,0.038478862,0.038480564,0.038415186,0.03831986,0.038224445,0.038135874,0.038057721,0.037979807,0.037903882,0.03791976,0.037935122,0.03795045,0.038008211,0.038088472,0.038168959,0.038252209,0.038348957,0.038446433,0.038543035,0.038566339,0.038590807,0.038615495,0.038616488,0.038606899,0.038597218,0.038528333,0.038332352,0.038135683,0.037939019,0.037589298,0.037232784,0.036878888,0.03658395,0.036307738,0.036034908,0.035832373,0.035781106,0.035730025,0.035678236,0.035667762,0.035664415,0.035661065,0.035634888,0.035602251,0.035569541,0.035537248,0.03551038,0.035483422,0.035455951,0.035478236,0.035506814,0.035535605,0.035685296,0.035941907,0.036204932,0.036432679,0.036661936,0.036900622,0.037142809,0.036982327,0.036793748,0.036600357,0.036257442,0.035753456,0.03525072,0.034857809,0.034599486,0.034342149,0.034088726,0.03392083,0.033759181,0.033598443,0.033354776,0.033082847,0.032812242,0.032499849,0.032116184,0.031734971,0.031351481,0.031004723,0.030668996,0.03033284,0.030090717,0.029963966,0.029834065,0.029652301,0.029542573,0.029428872,0.029287263,0.028814552,0.028311233,0.027784563,0.027070986,0.026191482,0.02529301,0.024453386,0.023593143,0.022729242,0.021881058,0.020977396,0.020065147,0.01916795,0.018285752,0.017385478,0.016513178,0.015746283,0.015091191,0.014453983,0.013850995,0.013408347,0.012980402,0.012560456,0.012242775,0.011961002,0.011682611,0.011459416,0.01130491,0.011151749,0.011008005,0.010937042,0.01086964,0.01080216,0.010782346,0.010798045,0.010814077,0.010878291,0.011132935,0.011408501,0.011648127,0.011967504,0.012351533,0.012790823,0.012771068,0.012553407,0.012317133,0.011974267,0.011115108,0.010307337,0.009751687,0.009455689,0.009171524,0.008915956,0.009020737,0.00917008,0.009310377,0.009422098,0.009600715,0.009777203,0.009901843,0.010020511,0.010143018,0.010262073,0.010344541,0.010442664,0.010541173,0.01063575,0.010748723,0.010863684,0.0109716,0.011082358,0.011195564,0.011307777,0.011390749,0.011471391,0.01155298,0.011643427,0.011723533,0.011804243,0.011891546,0.011978008,0.01206435,0.012151897,0.012151897
0.001049722,0.001075239,0.001098999,0.001134822,0.001161995,0.001188239,0.001246976,0.001262557,0.001277859,0.001303802,0.00131817,0.001331728,0.001344393,0.001360888,0.001379198,0.001397287,0.001423672,0.001444211,0.001464674,0.001491697,0.001511891,0.001531818,0.001552531,0.001581045,0.001605464,0.001630244,0.001660222,0.001678728,0.001697507,0.001708514,0.00171152,0.001714658,0.001715051,0.001703752,0.001713915,0.001723743,0.001725699,0.001750544,0.001774635,0.00179947,0.001821921,0.001843689,0.001865102,0.001887212,0.00190819,0.001928607,0.001950294,0.001975167,0.001999507,0.002027943,0.00205264,0.002076637,0.00210046,0.002128968,0.00215065,0.002172205,0.002195603,0.002209913,0.002224135,0.002239191,0.002254699,0.002270085,0.002285431,0.002305273,0.002322589,0.002339946,0.002358071,0.002370078,0.002382115,0.002392867,0.002400957,0.002409106,0.002417235,0.002422943,0.002432282,0.002441562,0.002451133,0.002464773,0.002478347,0.002495519,0.002521988,0.002548386,0.002574978,0.002605189,0.002627948,0.002651004,0.002667758,0.002672182,0.002676624,0.002675552,0.002677961,0.002682578,0.002687152,0.002701562,0.002725737,0.002749842,0.002779586,0.002807194,0.002834949,0.002864431,0.002882272,0.002898047,0.002913914,0.002924916,0.002935922,0.002946927,0.002957748,0.002976076,0.002994388,0.003014364,0.003045416,0.003076625,0.003108112,0.003141042,0.00316722,0.003193782,0.003213098,0.003217133,0.003221185,0.003223167,0.00322207,0.003224752,0.003227417,0.003236335,0.003254183,0.003271916,0.003290675,0.003310389,0.00333002,0.003349596,0.003366795,0.003382982,0.003399107,0.003421986,0.003447602,0.003473263,0.003499536,0.003520348,0.003541247,0.003562202,0.003578965,0.003595027,0.003611138,0.003623109,0.003633279,0.003643445,0.003653617,0.003666537,0.003679447,0.003692347,0.00371083,0.003729669,0.003748538,0.00376956,0.003790411,0.003811375,0.003832138,0.003846962,0.003861885,0.003876909,0.003886332,0.003894801,0.003903315,0.003912979,0.003923831,0.003934745,0.003945698,0.00395464,0.003963642,0.003972705,0.003975496,0.003977103,0.003978717,0.00397798,0.003976061,0.00397414,0.003971519,0.003967944,0.003964379,0.003960824,0.003965032,0.003970754,0.003976467,0.003991394,0.004014407,0.004037633,0.00406011,0.004071871,0.004083971,0.004096248,0.004087123,0.004073205,0.004059203,0.004035892,0.003999594,0.00396342,0.003927729,0.003897251,0.003866562,0.003836039,0.003806719,0.003778013,0.003749481,0.003725162,0.003705712,0.003686314,0.00366783,0.003659851,0.003652121,0.003644382,0.003639735,0.003636753,0.00363376,0.003629359,0.003623904,0.003618432,0.003612913,0.003608038,0.003603127,0.003598204,0.003599406,0.003603068,0.003606751,0.003610338,0.003615992,0.003621698,0.003626929,0.003617509,0.003608827,0.003600084,0.003587341,0.003571291,0.003555226,0.003544217,0.003535101,0.003526012,0.003517438,0.003528287,0.00353708,0.003545853,0.003558194,0.003573163,0.003588175,0.003598752,0.003608443,0.003618207,0.003627723,0.003625189,0.003625666,0.003626148,0.00362263,0.003618343,0.003614014,0.003604595,0.003583537,0.003562372,0.003541317,0.003509386,0.003473772,0.003438419,0.003413456,0.003383851,0.003354608,0.003333337,0.003328392,0.003323427,0.00331826,0.003312534,0.003310391,0.003308246,0.003301248,0.003296271,0.003291283,0.003286334,0.003283359,0.003280619,0.003277829,0.003280818,0.003285591,0.0032904,0.003302317,0.003330776,0.003359945,0.003375952,0.003393194,0.003415613,0.003437647,0.003403785,0.003370405,0.003336173,0.003302597,0.003237579,0.003172722,0.003136381,0.003118442,0.003093508,0.003069541,0.003063541,0.003055535,0.003047575,0.003026299,0.00300561,0.002985022,0.002958347,0.002922285,0.002886665,0.002850718,0.002817256,0.002786199,0.002755103,0.002725571,0.002717869,0.002709976,0.002683622,0.00266342,0.00265074,0.002632436,0.002559631,0.002494538,0.002426424,0.002349428,0.002245868,0.002140075,0.002054351,0.001966218,0.001868299,0.001775585,0.001700966,0.001611939,0.001524381,0.001459441,0.001375341,0.001293854,0.001229487,0.001175433,0.001118951,0.001065952,0.001029574,0.000995621,0.000962302,0.000929812,0.000908532,0.000887645,0.000867616,0.000854761,0.000844777,0.000833893,0.000824045,0.000819458,0.000814866,0.000805874,0.000810915,0.000816391,0.000812915,0.000834257,0.000870036,0.000888785,0.000884663,0.000938898,0.001000938,0.000961781,0.000918698,0.000872661,0.00086867,0.000772941,0.000635081,0.000576022,0.000623157,0.000565427,0.000513506,0.0005617,0.000591045,0.00061793,0.000618915,0.000639613,0.000675169,0.000690849,0.000687507,0.000708667,0.000728604,0.000723262,0.000736703,0.000750703,0.000753658,0.000759995,0.00076992,0.000775168,0.000777357,0.00078558,0.000793635,0.000798778,0.000806245,0.00081384,0.000821708,0.000825811,0.000828396,0.000835208,0.000845185,0.0008537,0.000862291,0.000862291
